Frecuencia de muestreo (1/h): 1
7.805552,23.75192,0
19.77232,20.77814,0
34.09319,17.21936,0
38.34831,16.16195,0
38.34831,16.16195,0
38.34831,16.16195,0
38.34831,16.16195,0
38.34831,16.16195,0
38.34831,16.16195,0
38.34831,16.16195,0
38.34831,16.16195,0
38.84523,16.03846,0
40.28889,15.67971,0
40.28889,15.67971,0
40.28889,15.67971,0
39.69397,15.82755,0
39.69397,15.82755,0
39.69397,15.82755,0
39.69397,15.82755,0
39.69397,15.82755,0
39.69397,15.82755,0
39.69397,15.82755,0
39.69397,15.82755,0
39.69397,15.82755,0
39.52227,15.87021,0
39.32048,15.92036,0
39.07274,15.98192,0
39.07274,15.98192,0
39.07274,15.98192,0
39.07274,15.98192,0
39.07274,15.98192,0
39.07274,15.98192,0
39.07274,15.98192,0
39.07274,15.98192,0
39.07274,15.98192,0
38.5669,16.10763,0
39.14297,15.96447,0
38.45415,16.13565,0
38.45415,16.13565,0
38.45415,16.13565,0
38.45415,16.13565,0
38.79099,16.05194,0
38.79099,16.05194,0
38.79099,16.05194,0
38.79099,16.05194,0
38.79099,16.05194,0
38.79099,16.05194,0
38.79099,16.05194,0
38.79099,16.05194,0
38.98383,16.00402,0
39.29182,15.92749,0
39.00991,15.99754,0
39.00991,15.99754,0
39.00991,15.99754,0
39.00991,15.99754,0
39.00991,15.99754,0
39.00991,15.99754,0
39.00991,15.99754,0
39.00991,15.99754,0
39.00991,15.99754,0
38.44416,16.1381,0
39.05085,15.98737,0
39.05085,15.98737,0
38.30208,16.17341,0
38.30208,16.17341,0
38.30208,16.17341,0
38.30208,16.17341,0
38.30208,16.17341,0
38.30208,16.17341,0
38.30208,16.17341,0
38.30208,16.17341,0
38.30208,16.17341,0
38.48161,16.1288,0
39.7366,15.81698,0
39.4866,15.8791,0
39.4866,15.8791,0
39.4866,15.8791,0
39.4866,15.8791,0
39.4866,15.8791,0
39.4866,15.8791,0
39.4866,15.8791,0
39.4866,15.8791,0
39.4866,15.8791,0
39.01006,15.9975,0
35.98038,2.090452,0
34.27223,-5.750418,0
29.70024,7.376231,0
26.37281,16.92962,0
26.1913,17.45076,0
26.06866,17.80286,0
26.06866,17.80286,0
26.06866,17.80286,0
26.06866,17.80286,0
26.06866,17.80286,0
26.06866,17.80286,0
26.06866,17.80286,0
26.06866,17.80286,0
26.00948,17.9728,0
25.89569,18.29949,0
25.89569,18.29949,0
25.89569,18.29949,0
25.89569,18.29949,0
25.89569,18.29949,0
25.89569,18.29949,0
25.89569,18.29949,0
25.89569,18.29949,0
25.89569,18.29949,0
26.04714,17.86465,0
25.84773,18.43718,0
26.1003,17.71203,0
26.1003,17.71203,0
25.85864,18.40586,0
25.85864,18.40586,0
25.85864,18.40586,0
25.85864,18.40586,0
25.85864,18.40586,0
25.85864,18.40586,0
25.85864,18.40586,0
25.85864,18.40586,0
25.85864,18.40586,0
25.92645,18.21117,0
25.99429,18.0164,0
25.99429,18.0164,0
25.99429,18.0164,0
25.99429,18.0164,0
26.08854,17.74577,0
26.08854,17.74577,0
26.08854,17.74577,0
26.08854,17.74577,0
26.08854,17.74577,0
26.08854,17.74577,0
26.08854,17.74577,0
26.08854,17.74577,0
26.08854,17.74577,0
25.70152,18.85707,0
26.01442,17.9586,0
26.01442,17.9586,0
26.01442,17.9586,0
26.01442,17.9586,0
26.01442,17.9586,0
26.01442,17.9586,0
26.01442,17.9586,0
26.01442,17.9586,0
26.01442,17.9586,0
25.94155,18.16784,0
26.01719,17.95064,0
25.7875,18.61018,0
25.7875,18.61018,0
25.7875,18.61018,0
25.7875,18.61018,0
25.7875,18.61018,0
25.7875,18.61018,0
25.7875,18.61018,0
25.7875,18.61018,0
25.7875,18.61018,0
25.975,10.13045,0
25.975,10.13045,0
25.975,10.13045,0
25.975,10.13045,0
25.99931,9.031026,0
25.99931,9.031026,0
25.99931,9.031026,0
25.99931,9.031026,0
25.99931,9.031026,0
25.99931,9.031026,0
25.99931,9.031026,0
25.99931,9.031026,0
25.99931,9.031026,0
26.00444,8.799158,0
25.99949,9.023282,0
26.00908,8.58956,0
26.00908,8.58956,0
26.00908,8.58956,0
26.00908,8.58956,0
26.00908,8.58956,0
26.00908,8.58956,0
26.00908,8.58956,0
26.00908,8.58956,0
26.00908,8.58956,0
25.99602,9.180045,0
31.91112,-2.777334,0
33.81032,-6.616545,0
27.43492,6.131586,0
24.64474,11.7108,0
24.37092,12.25832,0
24.14901,12.70204,0
24.14901,12.70204,0
24.14901,12.70204,0
24.14901,12.70204,0
24.14901,12.70204,0
24.14901,12.70204,0
24.14901,12.70204,0
24.14901,12.70204,0
24.04048,12.91905,0
23.82746,13.34502,0
23.82746,13.34502,0
23.82746,13.34502,0
23.82746,13.34502,0
23.82746,13.34502,0
23.82746,13.34502,0
23.82746,13.34502,0
23.82746,13.34502,0
23.82746,13.34502,0
24.48912,12.02197,0
24.14582,12.70842,0
23.50083,13.99813,0
23.50083,13.99813,0
24.20892,12.58224,0
24.20892,12.58224,0
24.20892,12.58224,0
24.20892,12.58224,0
24.20892,12.58224,0
24.20892,12.58224,0
24.20892,12.58224,0
24.20892,12.58224,0
24.20892,12.58224,0
24.06023,12.87957,0
23.82994,13.34006,0
24.08685,12.82633,0
24.08685,12.82633,0
24.08685,12.82633,0
24.08685,12.82633,0
24.08685,12.82633,0
24.08685,12.82633,0
24.08685,12.82633,0
24.08685,12.82633,0
24.08685,12.82633,0
23.76125,13.47741,0
14.60493,2.826162,0
4.682927,-8.715772,0
1.805314,-12.0632,0
15.5746,-13.18043,0
30.07959,-14.35735,0
36.89264,-14.91015,0
36.89264,-14.91015,0
36.89264,-14.91015,0
36.89264,-14.91015,0
36.89264,-14.91015,0
36.89264,-14.91015,0
36.89264,-14.91015,0
36.89264,-14.91015,0
37.14005,-14.93023,0
38.81857,-15.06642,0
38.02812,-15.00228,0
38.02812,-15.00228,0
38.02812,-15.00228,0
38.02812,-15.00228,0
38.02812,-15.00228,0
38.02812,-15.00228,0
38.02812,-15.00228,0
38.02812,-15.00228,0
38.02812,-15.00228,0
37.33266,-14.94586,0
38.10008,-15.00812,0
38.10008,-15.00812,0
36.59074,-14.88566,0
36.59074,-14.88566,0
36.59074,-14.88566,0
36.59074,-14.88566,0
36.59074,-14.88566,0
36.59074,-14.88566,0
36.59074,-14.88566,0
36.59074,-14.88566,0
36.59074,-14.88566,0
36.79194,-14.90199,0
37.01845,-14.92037,0
37.33008,-14.94565,0
37.33008,-14.94565,0
37.33008,-14.94565,0
37.33008,-14.94565,0
37.33008,-14.94565,0
37.33008,-14.94565,0
37.33008,-14.94565,0
37.33008,-14.94565,0
37.33008,-14.94565,0
37.818,-14.98523,0
38.52863,-15.04289,0
24.35241,-13.75546,0
9.710217,-12.42572,0
-4.903014,-11.0986,0
-15.93452,-10.09677,0
-16.41025,-10.05356,0
-16.41025,-10.05356,0
-16.41025,-10.05356,0
-16.41025,-10.05356,0
-16.41025,-10.05356,0
-16.41025,-10.05356,0
-16.41025,-10.05356,0
-16.41025,-10.05356,0
-16.59833,-10.03648,0
-17.89077,-9.919101,0
-17.89077,-9.919101,0
-17.89077,-9.919101,0
-17.89077,-9.919101,0
-17.89077,-9.919101,0
-17.89077,-9.919101,0
-17.89077,-9.919101,0
-17.89077,-9.919101,0
-17.89077,-9.919101,0
-17.30878,-9.971956,0
-16.69023,-10.02813,0
-17.44658,-9.959441,0
-17.44658,-9.959441,0
-16.61638,-10.03484,0
-16.61638,-10.03484,0
-16.61638,-10.03484,0
-16.61638,-10.03484,0
-16.61638,-10.03484,0
-16.61638,-10.03484,0
-16.61638,-10.03484,0
-16.61638,-10.03484,0
-16.61638,-10.03484,0
-16.83606,-10.01489,0
-17.10879,-9.99012,0
-16.74889,-10.0228,0
-16.74889,-10.0228,0
-16.74889,-10.0228,0
-16.74889,-10.0228,0
-16.74889,-10.0228,0
-16.74889,-10.0228,0
-16.74889,-10.0228,0
-16.74889,-10.0228,0
-16.74889,-10.0228,0
-17.22589,-9.979486,0
-4.248842,-3.711786,0
9.498717,2.928055,0
18.97864,7.506698,0
19.8361,7.920838,0
19.8361,7.920838,0
19.8361,7.920838,0
19.8361,7.920838,0
19.8361,7.920838,0
19.8361,7.920838,0
19.8361,7.920838,0
19.8361,7.920838,0
19.8361,7.920838,0
20.01879,8.009076,0
19.81392,7.910124,0
20.07129,8.034434,0
20.07129,8.034434,0
20.07129,8.034434,0
20.07129,8.034434,0
20.07129,8.034434,0
20.07129,8.034434,0
20.07129,8.034434,0
20.07129,8.034434,0
20.07129,8.034434,0
19.49405,7.755628,0
28.05127,-3.14685,0
34.30053,-11.10882,0
34.30053,-11.10882,0
34.79194,-11.73492,0
34.79194,-11.73492,0
35.39098,-12.49813,0
35.39098,-12.49813,0
35.39098,-12.49813,0
35.39098,-12.49813,0
35.39098,-12.49813,0
35.39098,-12.49813,0
35.39098,-12.49813,0
35.39098,-12.49813,0
35.25279,-12.32207,0
35.06327,-12.08061,0
34.87496,-11.84069,0
34.87496,-11.84069,0
34.87496,-11.84069,0
34.87496,-11.84069,0
34.87496,-11.84069,0
34.87496,-11.84069,0
34.87496,-11.84069,0
34.87496,-11.84069,0
34.87496,-11.84069,0
35.29215,-12.37222,0
34.8428,-11.79972,0
34.8428,-11.79972,0
35.32324,-12.41183,0
35.32324,-12.41183,0
35.32324,-12.41183,0
35.32324,-12.41183,0
35.32324,-12.41183,0
35.32324,-12.41183,0
35.32324,-12.41183,0
35.32324,-12.41183,0
35.32324,-12.41183,0
35.2113,-12.26922,0
34.17314,-10.94651,0
34.35774,-11.18171,0
34.35774,-11.18171,0
34.35774,-11.18171,0
34.35774,-11.18171,0
34.35774,-11.18171,0
34.35774,-11.18171,0
34.35774,-11.18171,0
34.35774,-11.18171,0
34.35774,-11.18171,0
34.63091,-11.52976,0
34.18434,-8.323509,0
34.18434,-8.323509,0
20.35878,-7.943755,0
5.712012,-7.541445,0
-8.913127,-7.139727,0
-12.82957,-7.032152,0
-12.82957,-7.032152,0
-12.82957,-7.032152,0
-12.82957,-7.032152,0
-12.82957,-7.032152,0
-12.82957,-7.032152,0
-12.82957,-7.032152,0
-13.0269,-7.026731,0
-13.24206,-7.020821,0
-13.48407,-7.014173,0
-13.76719,-7.006395,0
-13.76719,-7.006395,0
-13.76719,-7.006395,0
-13.76719,-7.006395,0
-13.76719,-7.006395,0
-13.76719,-7.006395,0
-13.76719,-7.006395,0
-13.76719,-7.006395,0
-13.76719,-7.006395,0
-14.34468,-6.990531,0
-13.62653,-7.01026,0
-13.62653,-7.01026,0
-14.33634,-6.99076,0
-14.33634,-6.99076,0
-14.33634,-6.99076,0
-14.33634,-6.99076,0
-14.33634,-6.99076,0
-14.33634,-6.99076,0
-14.33634,-6.99076,0
-14.33634,-6.99076,0
-14.33634,-6.99076,0
-14.15593,-6.995716,0
-13.98406,-7.000438,0
-15.33402,-6.963363,0
-15.33402,-6.963363,0
-15.33402,-6.963363,0
-15.33402,-6.963363,0
-15.33402,-6.963363,0
-15.33402,-6.963363,0
-15.33402,-6.963363,0
-15.33402,-6.963363,0
-15.33402,-6.963363,0
-14.87075,-6.976086,0
-16.67697,-2.754936,0
-16.67697,-2.754936,0
-2.547899,-1.686961,0
12.31843,-0.5632592,0
26.7195,0.5252762,0
31.5631,0.8913894,0
31.5631,0.8913894,0
31.5631,0.8913894,0
31.5631,0.8913894,0
31.5631,0.8913894,0
31.5631,0.8913894,0
31.5631,0.8913894,0
31.75269,0.90572,0
31.9476,0.9204521,0
32.23386,0.9420896,0
32.23386,0.9420896,0
32.23386,0.9420896,0
32.23386,0.9420896,0
32.23386,0.9420896,0
32.23386,0.9420896,0
32.23386,0.9420896,0
32.23386,0.9420896,0
32.23386,0.9420896,0
32.6561,0.9740055,0
33.20421,1.015436,0
33.20421,1.015436,0
33.20421,1.015436,0
32.04429,0.9277601,0
32.04429,0.9277601,0
32.04429,0.9277601,0
32.04429,0.9277601,0
32.04429,0.9277601,0
32.04429,0.9277601,0
32.04429,0.9277601,0
32.04429,0.9277601,0
32.04429,0.9277601,0
32.23735,0.9423532,0
32.43631,0.9573917,0
32.71051,0.9781181,0
32.71051,0.9781181,0
32.71051,0.9781181,0
32.71051,0.9781181,0
32.71051,0.9781181,0
32.71051,0.9781181,0
32.71051,0.9781181,0
32.71051,0.9781181,0
32.71051,0.9781181,0
33.19936,1.015069,0
20.25727,-4.618096,0
6.94734,-10.41137,0
2.053596,-12.54141,0
-1.919974,-12.90199,0
-1.919974,-12.90199,0
-1.919974,-12.90199,0
-1.919974,-12.90199,0
-1.919974,-12.90199,0
-1.919974,-12.90199,0
-1.919974,-12.90199,0
-1.919974,-12.90199,0
-1.919974,-12.90199,0
-2.135707,-12.92157,0
-2.366206,-12.94249,0
-3.516428,-13.04686,0
-3.516428,-13.04686,0
-3.516428,-13.04686,0
-3.516428,-13.04686,0
-3.516428,-13.04686,0
-3.516428,-13.04686,0
-3.516428,-13.04686,0
-3.516428,-13.04686,0
-3.516428,-13.04686,0
-3.123279,-13.01119,0
-2.712784,-12.97394,0
-2.712784,-12.97394,0
-2.712784,-12.97394,0
-3.353631,-13.03209,0
-2.916745,-12.99244,0
-2.916745,-12.99244,0
-2.916745,-12.99244,0
-2.916745,-12.99244,0
-2.916745,-12.99244,0
-2.916745,-12.99244,0
-2.916745,-12.99244,0
-2.916745,-12.99244,0
-4.393873,-13.12649,0
-4.197224,-13.10864,0
-3.937231,-13.08505,0
-3.937231,-13.08505,0
-3.937231,-13.08505,0
-3.937231,-13.08505,0
-3.937231,-13.08505,0
-3.937231,-13.08505,0
-3.937231,-13.08505,0
-3.937231,-13.08505,0
-3.937231,-13.08505,0
-3.565157,-13.05128,0
-14.73024,-15.6989,0
-14.73024,-15.6989,0
-14.73024,-15.6989,0
-14.73024,-15.6989,0
-14.73024,-15.6989,0
-1.038896,-11.35078,0
12.88249,-6.929602,0
26.70715,-2.539141,0
39.61645,1.560614,0
39.61645,1.560614,0
39.61645,1.560614,0
39.61645,1.560614,0
39.61645,1.560614,0
39.78831,1.615195,0
40.02756,1.691173,0
40.55085,1.857358,0
40.55085,1.857358,0
40.55085,1.857358,0
40.55085,1.857358,0
40.55085,1.857358,0
40.55085,1.857358,0
40.55085,1.857358,0
40.55085,1.857358,0
40.55085,1.857358,0
40.98614,1.995598,0
41.49497,2.15719,0
41.49497,2.15719,0
40.95196,1.984743,0
40.95196,1.984743,0
40.95196,1.984743,0
40.95196,1.984743,0
40.95196,1.984743,0
40.95196,1.984743,0
40.95196,1.984743,0
40.95196,1.984743,0
40.95196,1.984743,0
41.1293,2.041062,0
40.07306,1.70563,0
40.28363,1.772501,0
40.28363,1.772501,0
40.28363,1.772501,0
40.28363,1.772501,0
40.28363,1.772501,0
40.28363,1.772501,0
40.28363,1.772501,0
40.28363,1.772501,0
40.28363,1.772501,0
40.65086,1.889122,0
26.44298,0.9306602,0
11.79171,-0.05771318,0
24.24112,5.734317,0
34.73326,10.43275,0
34.73326,10.43275,0
34.73326,10.43275,0
34.73326,10.43275,0
34.73326,10.43275,0
34.73326,10.43275,0
34.73326,10.43275,0
34.73326,10.43275,0
34.73326,10.43275,0
34.91698,10.51502,0
35.10948,10.60122,0
35.35082,10.70929,0
35.35082,10.70929,0
35.35082,10.70929,0
35.35082,10.70929,0
35.35082,10.70929,0
35.35082,10.70929,0
35.35082,10.70929,0
35.35082,10.70929,0
35.35082,10.70929,0
35.7496,10.88787,0
36.24642,11.11035,0
36.24642,11.11035,0
36.24642,11.11035,0
35.68042,10.85689,0
35.68042,10.85689,0
35.68042,10.85689,0
35.68042,10.85689,0
35.68042,10.85689,0
35.68042,10.85689,0
35.68042,10.85689,0
35.68042,10.85689,0
35.68042,10.85689,0
35.83421,10.92576,0
35.98701,10.99418,0
36.23577,11.10559,0
36.23577,11.10559,0
36.23577,11.10559,0
36.23577,11.10559,0
36.23577,11.10559,0
36.23577,11.10559,0
36.23577,11.10559,0
36.23577,11.10559,0
36.23577,11.10559,0
35.62359,10.83142,0
25.95166,15.537,0
25.95166,15.537,0
25.95166,15.537,0
25.95166,15.537,0
25.95166,15.537,0
25.58642,15.71469,0
25.58642,15.71469,0
25.58642,15.71469,0
25.58642,15.71469,0
25.58642,15.71469,0
25.58642,15.71469,0
25.58642,15.71469,0
25.58642,15.71469,0
25.3939,15.80836,0
25.18739,15.90883,0
25.00036,15.99983,0
25.00036,15.99983,0
25.00036,15.99983,0
25.00036,15.99983,0
25.00036,15.99983,0
25.00036,15.99983,0
25.00036,15.99983,0
25.00036,15.99983,0
25.00036,15.99983,0
24.57704,16.20586,0
25.04104,15.98002,0
25.04104,15.98002,0
24.50083,16.24295,0
24.50083,16.24295,0
24.50083,16.24295,0
24.50083,16.24295,0
24.50083,16.24295,0
24.50083,16.24295,0
24.50083,16.24295,0
24.50083,16.24295,0
24.50083,16.24295,0
24.65009,16.17031,0
24.80821,16.09335,0
25.10037,15.95115,0
25.10037,15.95115,0
25.10037,15.95115,0
25.10037,15.95115,0
25.10037,15.95115,0
25.10037,15.95115,0
25.10037,15.95115,0
25.10037,15.95115,0
25.10037,15.95115,0
24.71745,16.13752,0
29.98921,2.997208,0
33.45611,-5.644323,0
36.0064,8.49226,0
36.76067,12.67326,0
36.76067,12.67326,0
36.76067,12.67326,0
36.76067,12.67326,0
36.76067,12.67326,0
36.76067,12.67326,0
36.76067,12.67326,0
36.76067,12.67326,0
36.76067,12.67326,0
36.79552,12.86646,0
36.95733,13.76348,0
37.00907,14.05028,0
37.00907,14.05028,0
37.00907,14.05028,0
37.00907,14.05028,0
37.00907,14.05028,0
37.00907,14.05028,0
37.00907,14.05028,0
37.00907,14.05028,0
37.00907,14.05028,0
36.94584,13.69979,0
37.03667,14.20324,0
37.03667,14.20324,0
37.03667,14.20324,0
36.94975,13.72147,0
37.02655,14.14713,0
37.02655,14.14713,0
37.02655,14.14713,0
37.02655,14.14713,0
37.02655,14.14713,0
37.02655,14.14713,0
37.02655,14.14713,0
37.02655,14.14713,0
36.83615,13.09186,0
36.86803,13.26855,0
36.91607,13.5348,0
36.91607,13.5348,0
36.91607,13.5348,0
36.91607,13.5348,0
36.91607,13.5348,0
36.91607,13.5348,0
36.91607,13.5348,0
36.91607,13.5348,0
36.91607,13.5348,0
36.97435,13.85782,0
22.7218,15.00688,0
8.246209,16.17393,0
-0.5185273,16.88056,0
-7.987907,4.876388,0
-15.33535,-6.931834,0
-15.50322,-7.201611,0
-15.50322,-7.201611,0
-15.50322,-7.201611,0
-15.50322,-7.201611,0
-15.50322,-7.201611,0
-15.50322,-7.201611,0
-15.50322,-7.201611,0
-15.50322,-7.201611,0
-15.61847,-7.386829,0
-15.74437,-7.589178,0
-15.869,-7.789461,0
-15.869,-7.789461,0
-15.869,-7.789461,0
-15.869,-7.789461,0
-15.869,-7.789461,0
-15.869,-7.789461,0
-15.869,-7.789461,0
-15.869,-7.789461,0
-15.869,-7.789461,0
-16.08913,-8.143247,0
-1.909494,-9.70524,0
12.50864,-11.29351,0
26.53054,-12.83813,1
26.53054,-12.83813,1
26.53054,-12.83813,1
26.53054,-12.83813,1
26.53054,-12.83813,1
26.53054,-12.83813,1
26.53054,-12.83813,1
26.53054,-12.83813,1
26.53054,-12.83813,1
26.7012,-12.85693,1
26.9909,-12.88884,1
27.22763,-12.91492,1
27.22763,-12.91492,1
27.22763,-12.91492,1
27.22763,-12.91492,1
27.22763,-12.91492,1
27.22763,-12.91492,1
27.22763,-12.91492,1
27.22763,-12.91492,1
27.22763,-12.91492,1
27.69254,-12.96613,1
28.16102,-13.01774,1
24.6923,0.5537546,1
21.2682,13.95065,1
21.2682,13.95065,1
21.2682,13.95065,1
21.2682,13.95065,1
21.2682,13.95065,1
21.2682,13.95065,1
21.2682,13.95065,1
21.2682,13.95065,1
21.2682,13.95065,1
21.2682,13.95065,1
21.22688,14.11234,1
21.17781,14.30431,1
21.12177,14.52356,1
21.12177,14.52356,1
21.12177,14.52356,1
21.12177,14.52356,1
21.12177,14.52356,1
21.12177,14.52356,1
21.12177,14.52356,1
21.12177,14.52356,1
21.12177,14.52356,1
21.0479,14.81257,1
20.95786,15.16489,1
20.95786,15.16489,1
20.95786,15.16489,1
21.06086,14.76188,1
21.06086,14.76188,1
21.06086,14.76188,1
21.06086,14.76188,1
21.06086,14.76188,1
21.06086,14.76188,1
21.06086,14.76188,1
21.06086,14.76188,1
21.06086,14.76188,1
21.01789,14.92999,1
20.96895,15.12147,1
21.03043,14.88093,1
21.03043,14.88093,1
21.03043,14.88093,1
21.03043,14.88093,1
21.03043,14.88093,1
21.03043,14.88093,1
21.03043,14.88093,1
21.03043,14.88093,1
21.03043,14.88093,1
20.94426,15.21808,1
24.42506,1.297276,1
27.65464,-11.61879,1
27.65464,-11.61879,1
27.76492,-12.05984,1
27.76492,-12.05984,1
27.76492,-12.05984,1
27.76492,-12.05984,1
27.76492,-12.05984,1
27.76492,-12.05984,1
27.76492,-12.05984,1
27.76492,-12.05984,1
27.76492,-12.05984,1
27.80878,-12.23523,1
27.85592,-12.42378,1
27.91905,-12.67625,1
27.91905,-12.67625,1
27.91905,-12.67625,1
27.91905,-12.67625,1
27.91905,-12.67625,1
27.91905,-12.67625,1
27.91905,-12.67625,1
27.91905,-12.67625,1
27.91905,-12.67625,1
28.00083,-13.0033,1
35.81799,-18.21235,1
35.81799,-18.21235,1
35.81799,-18.21235,1
36.12078,-18.41412,1
36.12078,-18.41412,1
36.12078,-18.41412,1
36.12078,-18.41412,1
36.12078,-18.41412,1
36.12078,-18.41412,1
36.12078,-18.41412,1
36.12078,-18.41412,1
36.12078,-18.41412,1
36.25572,-18.50404,1
36.41751,-18.61185,1
36.59884,-18.73268,1
36.59884,-18.73268,1
36.59884,-18.73268,1
36.59884,-18.73268,1
36.59884,-18.73268,1
36.59884,-18.73268,1
36.59884,-18.73268,1
36.59884,-18.73268,1
36.59884,-18.73268,1
36.83286,-18.88863,1
22.70872,-16.08836,1
8.361286,-13.24381,1
-5.82618,-10.43098,1
-6.544497,-10.28857,1
7.199179,-13.65694,1
21.26329,-17.10385,1
27.56161,-18.64748,1
27.56161,-18.64748,1
27.56161,-18.64748,1
27.56161,-18.64748,1
27.56161,-18.64748,1
27.56161,-18.64748,1
28.28481,-18.82472,1
28.4864,-18.87413,1
28.72454,-18.93249,1
28.72454,-18.93249,1
28.72454,-18.93249,1
28.72454,-18.93249,1
28.72454,-18.93249,1
28.72454,-18.93249,1
28.72454,-18.93249,1
28.72454,-18.93249,1
28.72454,-18.93249,1
29.00838,-19.00205,1
15.61349,-14.05208,1
1.891085,-8.981064,1
15.5579,-11.46805,1
29.8946,-14.1263,1
38.57689,-15.73613,1
38.57689,-15.73613,1
38.57689,-15.73613,1
38.57689,-15.73613,1
38.57689,-15.73613,1
38.57689,-15.73613,1
38.57689,-15.73613,1
38.57689,-15.73613,1
38.74047,-15.76647,1
38.92204,-15.80013,1
39.14473,-15.84142,1
39.14473,-15.84142,1
39.14473,-15.84142,1
39.14473,-15.84142,1
39.14473,-15.84142,1
39.14473,-15.84142,1
39.14473,-15.84142,1
39.14473,-15.84142,1
39.14473,-15.84142,1
39.48327,-15.90419,1
34.64098,-8.040882,1
34.64098,-8.040882,1
20.49772,-8.610532,1
6.005437,-9.19424,1
-8.614613,-9.783093,1
-12.58618,-9.943057,1
-12.58618,-9.943057,1
-12.58618,-9.943057,1
-12.58618,-9.943057,1
-12.58618,-9.943057,1
-12.58618,-9.943057,1
-12.58618,-9.943057,1
-12.74928,-9.949626,1
-12.97169,-9.958584,1
-13.22303,-9.968707,1
-13.22303,-9.968707,1
-13.22303,-9.968707,1
-13.22303,-9.968707,1
-13.22303,-9.968707,1
-13.22303,-9.968707,1
-13.22303,-9.968707,1
-13.22303,-9.968707,1
-13.22303,-9.968707,1
-13.54771,-9.981784,1
-1.046634,-2.751379,1
11.47764,4.49244,1
19.91611,9.373097,1
20.25689,9.570196,1
20.25689,9.570196,1
20.25689,9.570196,1
20.25689,9.570196,1
20.25689,9.570196,1
20.25689,9.570196,1
20.25689,9.570196,1
20.25689,9.570196,1
20.25689,9.570196,1
20.44213,9.67734,1
20.61746,9.778745,1
20.83089,9.902191,1
20.83089,9.902191,1
20.83089,9.902191,1
20.83089,9.902191,1
20.83089,9.902191,1
20.83089,9.902191,1
20.83089,9.902191,1
20.83089,9.902191,1
20.83089,9.902191,1
21.07585,10.04387,1
7.539309,5.762094,1
-6.257784,1.397898,1
-7.82023,10.72345,1
-7.8716,11.08823,1
-7.914241,11.39102,1
-7.94452,11.60604,1
-7.94452,11.60604,1
-7.94452,11.60604,1
-7.94452,11.60604,1
-7.94452,11.60604,1
-7.94452,11.60604,1
-7.94452,11.60604,1
-7.94452,11.60604,1
-7.975656,11.82713,1
-8.038175,12.27108,1
-8.038175,12.27108,1
-8.038175,12.27108,3
-8.038175,12.27108,3
-8.038175,12.27108,3
-8.038175,12.27108,3
-8.038175,12.27108,3
-8.038175,12.27108,3
-8.038175,12.27108,3
-7.995179,11.96576,3
-8.034968,12.24832,3
-8.034968,12.24832,3
-8.034968,12.24832,3
-8.034968,12.24832,3
-8.034968,12.24832,3
-8.034968,12.24832,3
-8.034968,12.24832,3
5.116858,6.566118,3
-1.347442,-4.339945,3
-10.13139,-15.86076,3
-10.13139,-15.86076,3
-10.13139,-15.86076,3
-10.13139,-15.86076,3
-10.13139,-15.86076,3
-10.13139,-15.86076,3
-10.24103,-16.00456,3
-16.37646,-3.291975,3
-2.432384,-0.06165467,3
11.71636,3.216079,3
25.83118,6.485953,3
39.64849,9.686908,3
39.64849,9.686908,3
39.64849,9.686908,3
39.64849,9.686908,3
29.0907,17.22162,3
29.0907,17.22162,3
29.0907,17.22162,3
29.0907,17.22162,3
21.05597,5.469757,3
26.78291,2.574287,3
26.78291,2.574287,3
26.78291,2.574287,3
26.78291,2.574287,3
26.78291,2.574287,3
26.78291,2.574287,3
26.78291,2.574287,3
26.96894,2.486507,3
19.46645,1.243049,3
28.89304,-9.374271,3
32.06204,-12.94355,3
32.06204,-12.94355,3
32.06204,-12.94355,3
32.06204,-12.94355,3
32.55945,-13.5038,3
32.55945,-13.5038,3
32.55945,-13.5038,3
32.55945,-13.5038,3
32.55945,-13.5038,3
32.55945,-13.5038,3
32.55945,-13.5038,3
30.65365,0.6869212,3
29.15979,11.81024,3
29.15979,11.81024,3
19.00202,1.970627,3
29.8093,10.89047,3
35.17324,15.31764,3
35.17324,15.31764,3
35.17324,15.31764,3
35.17324,15.31764,3
35.17324,15.31764,3
35.17324,15.31764,3
36.25485,16.21034,3
38.02047,1.967909,3
39.80898,-12.45913,3
39.84915,-12.78311,3
39.84915,-12.78311,3
25.66268,-13.13651,3
19.00433,-1.560824,3
5.011832,-4.859132,3
-9.152195,-8.32458,3
-14.8143,-9.709901,3
-14.8143,-9.709901,3
-14.8143,-9.709901,3
-14.8143,-9.709901,3
-14.8143,-9.709901,3
-16.95365,-10.23332,3
-2.209716,-7.561572,3
11.3508,-2.005095,3
25.26843,3.336198,3
37.13784,7.684177,3
37.13784,7.684177,3
37.13784,7.684177,3
37.13784,7.684177,3
37.13784,7.684177,3
37.13784,7.684177,3
40.0502,8.751022,3
27.50304,1.762231,3
14.28876,7.701234,3
1.158006,13.71934,3
-4.807585,16.45349,3
-4.807585,16.45349,3
6.921547,8.506307,3
21.00154,4.309845,3
19.35073,1.511591,3
11.10332,-6.057187,3
0.4506144,-15.83332,3
-2.076392,-18.15239,3
-2.076392,-18.15239,3
-2.076392,-18.15239,3
-2.076392,-18.15239,3
-2.076392,-18.15239,3
-2.076392,-18.15239,3
7.743467,-8.784486,3
21.03383,-3.115729,3
27.65815,-0.5248255,3
27.65815,-0.5248255,3
27.65815,-0.5248255,3
27.65815,-0.5248255,3
27.65815,-0.5248255,3
27.65815,-0.5248255,3
30.13064,0.4422184,3
27.67779,-0.5171451,3
27.67779,-0.5171451,3
27.67779,-0.5171451,3
27.67779,-0.5171451,3
33.0936,-6.070574,3
33.78036,-2.228708,3
32.30128,12.0844,3
31.96234,15.36443,3
31.96234,15.36443,3
31.96234,15.36443,3
31.97855,1.006171,3
31.9949,-13.48139,3
31.99833,-16.51488,3
31.99833,-16.51488,3
31.99833,-16.51488,3
31.99833,-16.51488,3
31.99833,-16.51488,3
31.99833,-16.51488,3
22.66396,-4.835607,3
27.37318,1.495795,3
27.37318,1.495795,3
27.37318,1.495795,3
27.37318,1.495795,3
27.37318,1.495795,3
27.37318,1.495795,3
27.37318,1.495795,3
30.51323,4.021591,3
16.27076,2.216571,3
1.606924,1.147644,3
-2.204737,0.9317693,3
11.26941,5.423146,3
17.00844,1.669628,3
30.52614,6.175447,3
40.8616,9.62054,3
40.8616,9.62054,3
40.8616,9.62054,3
40.8616,9.62054,3
40.8616,9.62054,3
40.8616,9.62054,3
26.99334,4.391164,3
29.45065,10.65555,3
29.45065,10.65555,3
29.45065,10.65555,3
29.45065,10.65555,3
29.45065,10.65555,3
29.45065,10.65555,3
29.45065,10.65555,3
30.45274,13.10801,3
29.28473,10.24951,3
29.28473,10.24951,3
29.28473,10.24951,3
29.28473,10.24951,3
18.22821,1.139287,3
7.040108,-8.079342,3
13.57354,-4.864561,3
26.01588,2.499236,3
35.80356,8.291902,3
35.80356,8.291902,3
35.80356,8.291902,3
35.80356,8.291902,3
35.80356,8.291902,3
35.80356,8.291902,3
35.80356,8.291902,3
22.84034,2.982483,3
8.850471,4.955657,3
-5.005807,8.972452,3
-10.86824,10.67191,3
-10.86824,10.67191,3
-10.86824,10.67191,3
-10.86824,10.67191,3
-10.86824,10.67191,3
-13.25287,11.3632,3
-10.74825,10.63713,3
-10.74825,10.63713,3
-10.74825,10.63713,3
-10.74825,10.63713,3
-11.76777,16.634,3
-11.76777,16.634,3
-11.76777,16.634,3
-11.76777,16.634,3
-11.76777,16.634,3
-11.76777,16.634,3
-11.76777,16.634,3
-8.564606,2.608325,3
-5.172618,-12.24415,3
-5.172618,-12.24415,3
7.590288,-4.949603,3
-5.581694,1.505536,3
-16.15767,6.594674,3
-16.15767,6.594674,3
-16.15767,6.594674,3
-16.15767,6.594674,3
-16.15767,6.594674,3
-16.15767,6.594674,3
-18.31428,7.632429,3
-3.777335,8.946555,3
10.66904,10.2525,3
25.11727,11.55861,3
28.84064,11.89519,3
39.6113,9.330654,3
43.09918,8.500178,3
43.09918,8.500178,3
29.59239,4.464058,3
33.46869,-5.726408,3
34.84974,6.653055,3
35.1624,9.455741,3
35.1624,9.455741,3
35.1624,9.455741,3
35.1624,9.455741,3
21.51016,2.729421,3
26.53233,12.13764,3
26.53233,12.13764,3
26.53233,12.13764,3
26.53233,12.13764,3
26.53233,12.13764,3
26.53233,12.13764,3
26.53233,12.13764,3
27.70064,14.29195,3
19.05816,2.449899,3
29.73307,-7.095154,3
39.8794,-16.01487,3
39.8794,-16.01487,3
39.8794,-16.01487,3
39.8794,-16.01487,3
39.8794,-16.01487,3
39.8794,-16.01487,3
42.36125,-18.19669,3
40.41043,-15.55565,3
38.06647,-12.38237,3
38.06647,-12.38237,3
38.06647,-12.38237,3
38.06647,-12.38237,3
29.32558,-0.2053322,3
22.31637,9.559264,3
22.31637,9.559264,3
22.31637,9.559264,3
22.31637,9.559264,3
22.31637,9.559264,3
22.31637,9.559264,3
18.58803,2.166054,3
21.59257,11.70628,3
21.59257,11.70628,3
21.59257,11.70628,3
21.59257,11.70628,3
21.59257,11.70628,3
21.59257,11.70628,3
21.59257,11.70628,3
22.59272,14.88205,3
30.59915,14.13135,3
30.59915,14.13135,3
22.90178,6.108835,3
34.74355,13.55996,3
37.83055,15.53005,3
37.83055,15.53005,3
37.83055,15.53005,3
37.83055,15.53005,3
35.91859,14.30986,3
37.85288,15.5443,3
37.85288,15.5443,3
37.85288,15.5443,3
37.85288,15.5443,3
37.85288,15.5443,3
37.85288,15.5443,3
37.85288,15.5443,3
26.30869,7.086985,3
14.64064,-1.616664,3
2.817561,-10.43736,3
-8.905831,-19.18369,3
-8.905831,-19.18369,3
-8.905831,-19.18369,3
-8.905831,-19.18369,3
-8.905831,-19.18369,3
-8.905831,-19.18369,3
-11.39896,-21.0437,3
-11.39896,-21.0437,3
-11.39896,-21.0437,3
-11.39896,-21.0437,3
2.501036,-16.74388,3
11.21029,-4.925268,3
19.77564,6.829987,3
34.08934,9.815856,3
34.08934,9.815856,3
34.93679,9.987217,3
34.93679,9.987217,3
34.93679,9.987217,3
34.93679,9.987217,3
34.93679,9.987217,3
34.93679,9.987217,3
34.93679,9.987217,3
38.69254,-0.1686043,3
23.68229,1.464632,3
9.198203,3.040618,3
-5.389803,4.62791,3
-16.57619,5.845078,3
-16.57619,5.845078,3
-16.57619,5.845078,3
-16.57619,5.845078,3
-2.282277,8.961555,3
11.84451,12.04159,3
26.05371,15.1396,3
29.82615,15.9621,3
17.93119,7.523807,3
6.098174,-0.8705396,3
-5.759253,-9.282206,3
-9.873833,-12.20109,3
-9.873833,-12.20109,3
-9.873833,-12.20109,3
-9.873833,-12.20109,3
-9.873833,-12.20109,3
3.124154,-6.045224,3
17.3471,-3.337603,3
30.32405,-1.115735,3
30.32405,-1.115735,3
30.32405,-1.115735,3
30.32405,-1.115735,3
30.32405,-1.115735,3
30.32405,-1.115735,3
33.76416,-0.5267259,3
20.05087,-4.79063,3
6.160824,-9.109488,3
-7.77545,-13.44272,3
-14.57271,-15.55621,3
-0.3794542,-16.97125,3
14.01806,-17.93521,3
28.62799,-18.90859,3
28.62799,-18.90859,3
28.62799,-18.90859,3
28.62799,-18.90859,3
28.62799,-18.90859,3
28.62799,-18.90859,3
21.65423,-5.845201,3
10.4782,3.653735,3
-1.246466,12.43842,3
-5.127539,15.34631,3
-5.127539,15.34631,3
-5.127539,15.34631,3
-5.127539,15.34631,3
-5.127539,15.34631,3
-7.491809,17.11773,3
-10.79669,4.253625,3
-14.44534,-9.948565,3
-15.64887,-14.63325,3
-15.64887,-14.63325,3
-1.308341,-14.46077,3
-7.020158,-10.61929,3
-7.020158,-10.61929,3
4.323657,-1.743246,3
15.69396,7.153519,3
25.91775,15.15319,3
25.91775,15.15319,3
25.91775,15.15319,3
25.91775,15.15319,3
25.91775,15.15319,3
32.77309,16.71965,3
33.63276,16.91608,3
33.63276,16.91608,3
33.63276,16.91608,3
33.63276,16.91608,3
33.63276,16.91608,3
33.63276,16.91608,3
33.63276,16.91608,3
22.58806,7.122665,3
18.38623,1.644178,3
25.03096,8.936519,3
25.03096,8.936519,3
25.03096,8.936519,3
25.03096,8.936519,3
25.03096,8.936519,3
25.03096,8.936519,3
25.03096,8.936519,3
27.42108,11.55958,3
38.68819,2.797776,3
41.71597,0.4432333,3
41.71597,0.4432333,3
41.71597,0.4432333,3
41.71597,0.4432333,3
30.64197,10.42154,3
38.89249,8.286585,3
38.89249,8.286585,3
38.89249,8.286585,3
38.89249,8.286585,3
38.89249,8.286585,3
38.89249,8.286585,3
38.89249,8.286585,3
25.20898,3.514243,3
11.14164,7.313048,3
17.13541,1.655119,3
25.56777,9.792663,3
30.97791,15.01364,3
30.97791,15.01364,3
30.97791,15.01364,3
30.97791,15.01364,3
30.97791,15.01364,3
30.97791,15.01364,3
33.647,17.58941,3
23.79234,7.141207,3
9.794367,11.7123,3
-4.084084,16.35858,3
-8.094472,17.7012,3
-8.094472,17.7012,3
-8.094472,17.7012,3
-8.094472,17.7012,3
-8.094472,17.7012,3
-8.094472,17.7012,3
-8.094472,17.7012,3
3.727582,10.13475,3
17.63351,7.788234,3
19.60186,7.912052,3
19.60186,7.912052,3
19.60186,7.912052,3
19.60186,7.912052,3
19.60186,7.912052,3
19.60186,7.912052,3
23.0539,8.129199,3
19.72239,7.919633,3
19.72239,7.919633,3
19.72239,7.919633,3
19.72239,7.919633,3
29.67747,-2.483098,3
35.84288,10.41282,3
28.35744,7.87328,3
13.93328,9.810381,3
18.7744,12.37117,3
18.7744,12.37117,3
18.7744,12.37117,3
18.7744,12.37117,3
18.7744,12.37117,3
18.7744,12.37117,3
18.7744,12.37117,3
18.05389,1.791332,3
25.19088,-8.336973,3
31.49893,-17.28892,3
31.49893,-17.28892,3
31.49893,-17.28892,3
31.49893,-17.28892,3
31.49893,-17.28892,3
31.49893,-17.28892,3
33.46236,-20.07528,3
31.49533,-17.2838,3
31.49533,-17.2838,3
31.49533,-17.2838,3
31.49533,-17.2838,3
17.79304,-12.96539,3
26.08633,-1.44402,3
33.17161,7.906736,3
22.98413,3.26898,3
25.8503,11.13661,3
28.19372,14.75503,3
28.19372,14.75503,3
28.19372,14.75503,3
28.19372,14.75503,3
28.19372,14.75503,3
28.19372,14.75503,3
19.25193,2.68932,3
32.51552,0.385226,3
34.65802,0.1483621,3
34.65802,0.1483621,3
34.65802,0.1483621,3
34.65802,0.1483621,3
34.65802,0.1483621,3
34.65802,0.1483621,3
39.41665,-0.3777265,3
35.12176,0.09709325,3
35.12176,0.09709325,3
35.12176,0.09709325,3
35.12176,0.09709325,3
26.17318,11.50446,3
23.7225,14.62851,3
23.7225,14.62851,3
23.7225,14.62851,3
23.7225,14.62851,3
23.7225,14.62851,3
23.7225,14.62851,3
13.64617,3.495934,3
3.501489,-7.712165,3
-3.131797,-15.04079,3
-3.131797,-15.04079,3
-3.131797,-15.04079,3
-3.131797,-15.04079,3
-3.131797,-15.04079,3
-3.131797,-15.04079,3
8.733713,-16.62551,3
15.73852,-6.251222,3
1.047409,-7.024202,3
-13.77441,-7.925476,3
-13.77441,-7.925476,3
-13.77441,-7.925476,3
-13.77441,-7.925476,3
-13.77441,-7.925476,3
-13.77441,-7.925476,3
-13.77441,-7.925476,3
0.5601545,-5.549053,3
15.00037,-3.155114,3
26.68632,-1.217786,3
26.68632,-1.217786,3
27.81096,-15.58511,3
27.99278,-17.90778,3
27.99278,-17.90778,3
27.99278,-17.90778,3
27.99278,-17.90778,3
27.99278,-17.90778,3
27.99278,-17.90778,3
21.09977,-4.865208,3
32.02138,-12.53129,3
37.42701,-16.57173,3
37.42701,-16.57173,3
37.42701,-16.57173,3
37.42701,-16.57173,3
37.42701,-16.57173,3
37.42701,-16.57173,3
40.42278,-18.81086,3
32.17167,-7.170824,3
23.82719,4.600913,3
28.68043,-8.079366,3
30.53536,-12.81403,3
30.53536,-12.81403,3
30.53536,-12.81403,3
29.16327,-2.256262,3
29.16327,-2.256262,3
29.16327,-2.256262,3
29.16327,-2.256262,3
29.16327,-2.256262,3
29.16327,-2.256262,3
29.16327,-2.256262,3
19.40465,0.5902704,3
32.51647,6.580875,3
38.89,9.492854,3
38.89,9.492854,3
38.89,9.492854,3
38.89,9.492854,3
38.89,9.492854,3
38.89,9.492854,3
41.36028,10.6215,3
27.17899,12.70763,3
12.48666,14.86894,3
22.91312,17.70897,3
26.44237,18.65398,3
26.44237,18.65398,3
26.44237,18.65398,3
26.44237,18.65398,3
26.44237,18.65398,3
26.44237,18.65398,3
26.44237,18.65398,3
15.27844,9.538694,3
3.078759,-0.4222854,3
-8.700495,-10.03999,3
6.138023,-11.76118,3
20.57608,-13.32713,3
34.57543,-14.84549,3
34.57543,-14.84549,3
34.57543,-14.84549,3
34.57543,-14.84549,3
34.57543,-14.84549,3
33.21234,0.4213524,3
21.87395,1.86595,3
28.65335,7.980799,3
38.97685,15.2769,3
38.97685,15.2769,3
38.97685,15.2769,3
41.53519,17.08497,3
41.53519,17.08497,3
41.53519,17.08497,3
41.53519,17.08497,3
41.53519,17.08497,3
41.53519,17.08497,3
41.53519,17.08497,3
38.51644,14.95151,3
26.36213,16.79356,3
24.01049,17.14997,3
24.01049,17.14997,3
24.01049,17.14997,3
24.01049,17.14997,3
24.01049,17.14997,3
24.01049,17.14997,3
24.01049,17.14997,3
18.95827,3.57484,3
7.131937,-4.586107,3
-5.591814,-12.50182,3
-7.991972,-13.995,3
-7.991972,-13.995,3
-7.991972,-13.995,3
-7.991972,-13.995,3
-7.991972,-13.995,3
6.558144,-15.35045,3
21.04373,-16.69988,3
33.66373,-17.87552,3
33.66373,-17.87552,3
36.94115,-18.18083,3
22.96281,-13.98772,3
27.26054,-0.2893051,3
28.59803,3.851431,3
27.56092,0.6406441,3
38.37909,7.369747,3
40.28627,8.556046,3
40.28627,8.556046,3
40.28627,8.556046,3
40.28627,8.556046,3
40.28627,8.556046,3
40.28627,8.556046,3
26.62798,3.925271,3
13.57607,-3.135261,3
0.2495682,-10.40713,3
-9.374125,-15.65848,3
-9.374125,-15.65848,3
-9.374125,-15.65848,3
-9.374125,-15.65848,3
-9.374125,-15.65848,3
-12.62362,-17.43163,3
-9.675352,-15.82285,3
-9.675352,-15.82285,3
-9.675352,-15.82285,3
-9.675352,-15.82285,3
4.969402,-15.57528,3
14.14299,-3.951823,3
28.42049,-6.114226,3
28.97039,-1.449794,3
29.01463,0.7163632,3
29.01463,0.7163632,3
29.01463,0.7163632,3
29.01463,0.7163632,3
29.01463,0.7163632,3
29.01463,0.7163632,3
29.01463,0.7163632,3
19.0674,0.9725133,3
27.76996,-6.499413,3
39.25667,-16.36179,3
39.25667,-16.36179,3
39.25667,-16.36179,3
39.25667,-16.36179,3
39.25667,-16.36179,3
39.25667,-16.36179,3
42.16154,-18.85587,3
39.81,-16.83687,3
39.81,-16.83687,3
39.81,-16.83687,3
39.81,-16.83687,3
39.43259,-2.469178,3
39.05335,11.96819,3
35.28224,-1.853627,3
32.36046,-12.66612,3
31.74612,-14.93948,3
32.0705,-13.73913,3
35.81795,0.7880951,3
39.63579,15.58813,3
39.63579,15.58813,3
39.63579,15.58813,3
39.63579,15.58813,3
39.63579,15.58813,3
39.63579,15.58813,3
27.6845,10.30272,3
19.51593,2.456171,3
7.974585,-6.522593,3
-3.981984,-15.11314,3
-6.954816,-17.24906,3
-6.954816,-17.24906,3
-6.954816,-17.24906,3
-6.954816,-17.24906,3
-6.954816,-17.24906,3
-6.954816,-17.24906,3
-9.677638,-19.20534,3
4.180388,-15.33283,3
-6.639079,-10.58622,3
4.441986,-12.34767,3
-1.831048,-8.60713,3
10.274,0.3785203,3
22.24715,9.135517,3
32.14789,16.37677,3
32.14789,16.37677,3
32.14789,16.37677,3
32.14789,16.37677,3
32.14789,16.37677,3
32.14789,16.37677,3
22.18884,5.552669,3
7.63948,8.121994,3
17.14044,1.585848,3
31.13273,5.888371,3
36.86006,7.649479,3
40.13335,8.655988,3
40.13335,8.655988,3
40.13335,8.655988,3
40.13335,8.655988,3
40.13335,8.655988,3
40.13335,8.655988,3
40.13335,8.655988,3
25.94514,10.4514,3
11.28749,12.30622,3
-3.190394,14.13829,3
-8.560736,14.81787,3
-12.48514,5.254645,3
-12.48514,5.254645,3
-12.48514,5.254645,3
-12.48514,5.254645,3
-12.48514,5.254645,3
-12.48514,5.254645,3
-12.48514,5.254645,3
2.156457,3.211198,3
9.785369,3.270211,3
-3.196713,9.627284,3
-5.72307,10.86439,3
-5.72307,10.86439,3
-5.72307,10.86439,3
-5.72307,10.86439,3
-5.72307,10.86439,3
-8.939298,12.43932,3
5.123777,12.6038,3
19.70307,12.77431,3
34.38444,12.94602,3
37.80759,12.98605,3
37.80759,12.98605,3
37.80759,12.98605,3
37.80759,12.98605,3
37.80759,12.98605,3
37.80759,12.98605,3
39.08763,-1.602151,3
27.46469,-1.190992,3
14.57763,-7.989418,3
1.640173,-14.91193,3
-5.203326,-18.57372,3
-5.203326,-18.57372,3
-5.203326,-18.57372,3
-5.203326,-18.57372,3
-5.203326,-18.57372,3
-7.608017,-19.86042,3
-5.238172,-18.59236,3
-5.238172,-18.59236,3
-5.238172,-18.59236,3
-5.238172,-18.59236,3
5.259056,-8.821469,3
16.99789,0.2286321,3
4.170007,6.772013,3
-8.957105,13.46803,3
-11.95182,14.99561,3
-8.510858,13.2404,3
-8.510858,13.2404,3
-8.510858,13.2404,3
-8.510858,13.2404,3
-8.510858,13.2404,3
-8.510858,13.2404,3
-8.510858,13.2404,3
4.594892,7.189309,3
18.27076,7.129713,3
21.94443,8.582551,3
21.94443,8.582551,3
21.94443,8.582551,3
21.94443,8.582551,3
21.94443,8.582551,3
21.94443,8.582551,3
24.32876,9.525489,3
21.98697,8.599371,3
21.98697,8.599371,3
21.98697,8.599371,3
21.98697,8.599371,3
8.708611,13.24967,3
-0.6103269,16.51331,3
12.01628,9.289159,3
24.93025,1.900596,3
19.31235,0.8730817,3
27.30574,9.07688,3
35.04548,17.02035,3
35.04548,17.02035,3
35.04548,17.02035,3
35.04548,17.02035,3
24.1787,6.807108,3
24.91171,15.09746,3
24.91171,15.09746,3
24.91171,15.09746,3
24.91171,15.09746,3
24.91171,15.09746,3
24.91171,15.09746,3
24.91171,15.09746,3
25.22196,18.26896,3
10.95494,15.49323,3
-3.657464,12.65031,3
-7.146426,11.97151,3
-7.146426,11.97151,3
4.683677,3.13969,3
16.47237,-5.66122,3
28.0873,-14.3324,3
32.06408,-17.30128,3
32.06408,-17.30128,3
32.06408,-17.30128,3
32.06408,-17.30128,3
19.97066,-9.425554,3
7.848395,-1.531049,3
-4.604396,6.578714,3
-15.15385,13.44895,3
-10.67518,-0.9594374,3
-6.173697,-15.44119,3
-6.173697,-15.44119,3
-6.173697,-15.44119,3
-6.173697,-15.44119,3
-6.173697,-15.44119,3
-6.173697,-15.44119,3
-4.241889,-13.27166,3
6.247821,-6.540863,3
16.56738,3.646506,3
23.9366,10.94658,3
23.9366,10.94658,3
23.9366,10.94658,3
23.9366,10.94658,3
23.9366,10.94658,3
23.9366,10.94658,3
26.66528,13.64966,3
16.1113,4.440554,3
23.68559,1.881317,3
32.6894,1.984919,3
32.6894,1.984919,3
32.6894,1.984919,3
35.19513,2.013752,3
35.19513,2.013752,3
35.19513,2.013752,3
35.19513,2.013752,3
35.19513,2.013752,3
35.19513,2.013752,3
35.19513,2.013752,3
20.89493,1.170673,3
30.77,1.007403,3
33.40959,0.9986403,3
33.40959,0.9986403,3
33.40959,0.9986403,3
33.40959,0.9986403,3
33.40959,0.9986403,3
33.40959,0.9986403,3
30.0307,1.009857,3
15.6371,0.08870018,3
1.032166,1.729316,3
7.148789,1.629919,3
20.69522,-4.061208,3
34.14186,-9.893021,3
37.9741,-11.55507,3
37.9741,-11.55507,3
37.9741,-11.55507,3
40.18994,-12.51608,3
40.18994,-12.51608,3
40.18994,-12.51608,3
40.18994,-12.51608,3
40.18994,-12.51608,3
40.18994,-12.51608,3
40.18994,-12.51608,3
27.45751,-4.760649,3
32.65342,7.221003,3
32.65342,7.221003,3
32.65342,7.221003,3
32.65342,7.221003,3
32.65342,7.221003,3
32.65342,7.221003,3
32.65342,7.221003,3
34.14512,10.57388,3
37.33458,12.16368,3
37.33458,12.16368,3
37.33458,12.16368,3
37.33458,12.16368,3
37.33458,12.16368,3
37.33458,12.16368,3
37.33458,12.16368,3
24.91772,4.928604,3
12.34733,-2.395936,3
-0.9915288,-10.16825,3
11.26061,-2.962986,3
24.05863,5.417036,3
26.85171,7.247475,3
26.85171,7.247475,3
26.85171,7.247475,3
26.85171,7.247475,3
26.85171,7.247475,3
26.85171,7.247475,3
29.48044,8.970203,3
14.90614,10.58201,3
0.4552459,12.18017,3
-14.00984,13.7799,3
-17.9787,14.21883,3
-5.104271,7.142446,3
9.086973,3.357648,3
-5.058059,4.27301,3
-14.74003,4.916286,3
-14.74003,4.916286,3
-14.74003,4.916286,3
-14.74003,4.916286,3
-14.74003,4.916286,3
-14.74003,4.916286,3
-17.19272,5.079246,3
-2.206071,7.690793,3
12.62074,10.27449,3
27.69694,12.90164,3
32.8693,13.80296,3
32.8693,13.80296,3
32.8693,13.80296,3
32.8693,13.80296,3
21.4318,3.954892,3
9.328106,-4.41769,3
-2.840877,-12.81898,3
-5.262779,-14.49103,3
-5.262779,-14.49103,3
-5.262779,-14.49103,3
-5.262779,-14.49103,3
-5.262779,-14.49103,3
8.048584,-9.171652,3
19.17812,0.3639058,3
27.96221,8.087503,3
33.19484,13.21155,3
33.19484,13.21155,3
33.19484,13.21155,3
33.19484,13.21155,3
33.19484,13.21155,3
33.19484,13.21155,3
33.19484,13.21155,3
21.51206,3.822521,3
14.11338,-2.415487,3
3.106222,-11.9663,3
-4.133657,-18.24828,3
-4.133657,-18.24828,3
-4.133657,-18.24828,3
-4.133657,-18.24828,3
-4.133657,-18.24828,3
-6.432042,-20.24257,3
-4.305486,-18.39738,3
-4.305486,-18.39738,3
-4.305486,-18.39738,3
-4.305486,-18.39738,3
5.350481,-7.722651,3
15.26824,3.24148,3
24.2703,13.19331,3
24.2703,13.19331,3
24.2703,13.19331,3
24.2703,13.19331,3
24.2703,13.19331,3
20.9701,11.49826,3
20.9701,11.49826,3
20.9701,11.49826,3
20.9701,11.49826,3
20.32344,11.16613,3
20.32344,11.16613,3
20.32344,11.16613,3
20.32344,11.16613,3
20.32344,11.16613,3
20.32344,11.16613,3
20.32344,11.16613,3
8.311535,4.166637,3
-4.233405,-3.143457,3
-14.84857,-9.329047,3
-14.84857,-9.329047,3
-14.84857,-9.329047,3
-14.84857,-9.329047,3
-9.812346,4.357243,3
3.869787,9.531144,3
17.46941,14.57697,3
22.96107,16.61452,3
22.96107,16.61452,3
22.96107,16.61452,3
22.96107,16.61452,3
22.96107,16.61452,3
10.45039,9.446543,3
-2.594902,1.972248,3
-15.12909,-5.209213,3
-18.71922,-7.266173,3
-18.71922,-7.266173,3
-18.71922,-7.266173,3
-18.71922,-7.266173,3
-18.71922,-7.266173,3
-18.71922,-7.266173,3
-18.71922,-7.266173,3
-9.304512,-18.45031,3
-8.075343,-19.9105,3
-8.075343,-19.9105,3
-8.075343,-19.9105,3
-8.075343,-19.9105,3
-8.075343,-19.9105,3
-8.075343,-19.9105,3
-8.075343,-19.9105,3
-14.34584,-8.219625,3
-14.34584,-8.219625,3
-14.34584,-8.219625,3
-14.34584,-8.219625,3
-0.3694498,-4.235894,3
13.34023,0.7854288,3
26.99437,5.796109,3
32.24749,7.723853,3
32.24749,7.723853,3
32.24749,7.723853,3
32.24749,7.723853,3
32.24749,7.723853,3
32.24749,7.723853,3
32.24749,7.723853,3
19.05394,1.497391,3
26.26863,12.38678,3
27.86489,14.79606,3
27.86489,14.79606,3
27.86489,14.79606,3
27.86489,14.79606,3
27.86489,14.79606,3
27.86489,14.79606,3
30.04256,18.08301,3
28.18016,15.27194,3
28.18016,15.27194,3
28.18016,15.27194,3
28.18016,15.27194,3
34.09202,2.234352,3
40.11913,-11.05741,3
41.72023,-14.58834,3
41.72023,-14.58834,3
41.72023,-14.58834,3
41.72023,-14.58834,3
41.72023,-14.58834,3
41.72023,-14.58834,3
29.21011,-6.367003,3
34.94699,-11.16703,3
34.94699,-11.16703,3
34.94699,-11.16703,3
34.94699,-11.16703,3
34.94699,-11.16703,3
34.94699,-11.16703,3
34.94699,-11.16703,3
37.7271,-13.36621,3
34.91314,-11.14025,3
34.91314,-11.14025,3
34.91314,-11.14025,3
34.91314,-11.14025,3
20.14485,-12.12441,3
5.232366,-12.80698,3
19.94197,-13.30308,3
34.56503,-13.78704,3
39.66889,-13.95595,3
39.66889,-13.95595,3
39.66889,-13.95595,3
39.66889,-13.95595,3
39.66889,-13.95595,3
27.35284,-5.45536,3
32.38192,4.086649,3
39.49785,10.5443,3
39.49785,10.5443,3
39.49785,10.5443,3
39.49785,10.5443,3
39.49785,10.5443,3
39.49785,10.5443,3
41.79352,12.62761,3
39.73652,10.76089,3
39.73652,10.76089,3
39.73652,10.76089,3
39.73652,10.76089,3
27.30695,3.272171,3
14.87301,-4.219182,3
2.185214,-11.86349,3
-6.948597,-17.36654,3
-6.948597,-17.36654,3
-6.948597,-17.36654,3
-6.948597,-17.36654,3
-0.3046653,-13.71671,3
-0.3046653,-13.71671,3
14.79064,-15.28209,3
29.35962,-16.79289,3
17.21375,-7.941184,3
4.770381,1.049978,3
-7.374682,9.825598,3
-8.210762,10.42972,3
-8.210762,10.42972,3
-8.210762,10.42972,3
-8.210762,10.42972,3
6.100373,12.16392,3
16.8994,5.805471,3
25.89158,-5.988383,3
31.42509,-13.24597,3
31.42509,-13.24597,3
31.42509,-13.24597,3
31.42509,-13.24597,3
31.42509,-13.24597,3
20.17062,-5.1038,3
8.12615,3.609898,3
-4.197312,12.52544,3
-7.836215,15.15804,3
6.921,15.08478,3
21.75565,15.01114,3
26.01,14.99002,3
26.01,14.99002,3
26.01,14.99002,3
26.01,14.99002,3
26.01,14.99002,3
18.58204,2.016572,3
25.54195,9.930729,3
29.04142,13.91,3
29.04142,13.91,3
29.04142,13.91,3
29.04142,13.91,3
29.04142,13.91,3
29.04142,13.91,3
31.27995,16.45543,3
18.32844,10.30417,3
5.095205,4.01909,3
-8.064529,-2.231077,3
-14.9192,-5.486679,3
-18.30022,-7.092484,3
-18.30022,-7.092484,3
-18.30022,-7.092484,3
-18.30022,-7.092484,3
-18.30022,-7.092484,3
-18.30022,-7.092484,3
-18.30022,-7.092484,3
-8.755619,-16.27319,3
-8.755619,-16.27319,3
-8.06139,-16.94095,3
-8.06139,-16.94095,3
-8.06139,-16.94095,3
-8.06139,-16.94095,3
-8.06139,-16.94095,3
-8.06139,-16.94095,3
-8.06139,-16.94095,3
5.339808,-11.08557,3
18.76406,-5.220109,3
32.14074,0.6245594,3
32.14074,0.6245594,3
32.14074,0.6245594,3
32.14074,0.6245594,3
32.14074,0.6245594,3
32.14074,0.6245594,3
35.73943,2.196947,3
21.43702,1.058776,3
23.99339,-8.322272,3
31.38153,-19.09795,3
31.38153,-19.09795,3
31.38153,-19.09795,3
31.38153,-19.09795,3
31.38153,-19.09795,3
31.38153,-19.09795,3
23.02571,-6.548208,3
15.29785,-0.2431473,3
0.73172,-2.839452,3
-14.35766,-5.529023,3
-15.59177,-5.748994,3
-15.59177,-5.748994,3
-15.59177,-5.748994,3
-15.59177,-5.748994,3
-18.94405,-6.346513,3
-16.04258,-5.829347,3
-16.04258,-5.829347,3
-16.04258,-5.829347,3
-16.04258,-5.829347,3
-6.542346,-17.16042,3
7.837262,-13.62605,3
16.25065,-1.542569,3
20.48185,12.29079,3
21.64556,16.1295,3
21.64556,16.1295,3
21.64556,16.1295,3
21.64556,16.1295,3
21.64556,16.1295,3
21.64556,16.1295,3
21.64556,16.1295,3
18.1963,1.814669,3
3.642066,-2.297702,3
-11.05302,-6.44987,3
-12.07333,-6.738165,3
-12.07333,-6.738165,3
-12.07333,-6.738165,3
-12.07333,-6.738165,3
-12.07333,-6.738165,3
-15.16096,-7.61059,3
-12.47611,-6.851972,3
-12.47611,-6.851972,3
-12.47611,-6.851972,3
-12.47611,-6.851972,3
1.169722,-3.86768,3
-12.97982,-2.405036,3
0.9108661,1.746213,3
15.30641,5.999511,3
29.23389,10.11452,3
37.9542,12.69101,3
37.9542,12.69101,3
37.9542,12.69101,3
37.9542,12.69101,3
37.9542,12.69101,3
40.2459,13.36811,3
27.04226,6.027246,3
12.97335,0.1199338,3
-1.362326,-5.258564,3
-13.11327,-9.667315,3
-13.11327,-9.667315,3
-13.11327,-9.667315,3
-13.11327,-9.667315,3
-13.11327,-9.667315,3
-16.1007,-10.78815,3
-13.52058,-9.820128,3
-13.52058,-9.820128,3
-13.52058,-9.820128,3
-13.52058,-9.820128,3
-0.145393,-4.36712,3
13.2362,1.088502,3
26.68133,6.570032,3
38.90887,11.55515,3
38.90887,11.55515,3
38.90887,11.55515,3
38.90887,11.55515,3
38.90887,11.55515,3
35.35654,-1.872391,3
34.88076,8.472248,3
34.98481,15.041,3
34.98481,15.041,3
34.98481,15.041,3
34.98481,15.041,3
34.98481,15.041,3
34.98481,15.041,3
24.58,6.43955,3
32.91653,8.657621,3
32.91653,8.657621,3
32.91653,8.657621,3
32.91653,8.657621,3
32.91653,8.657621,3
32.91653,8.657621,3
32.91653,8.657621,3
36.63802,9.833622,3
22.57039,6.730019,3
9.057984,12.34625,3
-4.447719,7.268921,3
-11.81003,4.45484,3
-11.81003,4.45484,3
-11.81003,4.45484,3
-11.81003,4.45484,3
-11.81003,4.45484,3
-11.81003,4.45484,3
-13.95682,3.634277,3
1.042272,2.397866,3
13.94925,-4.929873,3
26.31411,-12.51297,3
30.80324,-15.26606,3
30.80324,-15.26606,3
30.80324,-15.26606,3
30.80324,-15.26606,3
30.80324,-15.26606,3
33.54571,-16.94794,3
31.04441,-15.41396,3
31.04441,-15.41396,3
31.04441,-15.41396,3
31.04441,-15.41396,3
35.03145,-1.428421,3
39.13485,12.96529,3
40.10646,16.37344,3
40.10646,16.37344,3
40.10646,16.37344,3
40.10646,16.37344,3
40.10646,16.37344,3
38.94062,12.28376,3
38.04771,-2.110534,3
37.13438,-16.83366,3
36.97441,-19.41248,3
27.08322,-8.771626,3
35.94828,-0.9120674,3
35.94828,-0.9120674,3
35.94828,-0.9120674,3
35.94828,-0.9120674,3
35.94828,-0.9120674,3
35.94828,-0.9120674,3
35.94828,-0.9120674,3
38.31502,1.140413,3
23.94403,1.041084,3
31.72349,1.005579,3
31.72349,1.005579,3
31.72349,1.005579,3
31.72349,1.005579,3
31.72349,1.005579,3
31.72349,1.005579,3
31.72349,1.005579,3
36.29066,0.9856185,3
32.28547,1.003123,3
32.28547,1.003123,3
32.28547,1.003123,3
32.28547,1.003123,3
26.16291,8.792737,3
31.38539,-1.700448,3
37.91288,-14.81572,3
38.42433,-15.84335,3
38.42433,-15.84335,3
38.42433,-15.84335,3
38.42433,-15.84335,3
38.42433,-15.84335,3
27.86405,-7.134584,3
29.61595,7.023155,3
22.27443,4.444886,3
28.8194,6.58886,3
38.70877,11.37507,3
38.70877,11.37507,3
38.70877,11.37507,3
38.70877,11.37507,3
27.06213,2.81912,3
12.27287,1.830285,3
0.3375388,1.08367,3
14.13888,5.878897,3
24.68895,9.544481,3
24.68895,9.544481,3
24.68895,9.544481,3
24.68895,9.544481,3
32.06092,1.078446,3
32.86949,0.1498788,3
32.86949,0.1498788,3
32.86949,0.1498788,3
32.86949,0.1498788,3
32.86949,0.1498788,3
32.86949,0.1498788,3
32.86949,0.1498788,3
19.48081,0.9153392,3
8.453524,-4.289687,3
-5.214986,-10.74141,3
-8.993435,-12.52489,3
-8.993435,-12.52489,3
-8.993435,-12.52489,3
-8.993435,-12.52489,3
-8.993435,-12.52489,3
-12.69129,-14.27032,3
-16.52981,-3.339012,3
-6.192592,-2.717435,3
-15.98646,-2.065895,3
-9.007524,-8.999083,3
4.55615,-3.97736,3
-7.979471,-11.31831,3
-14.72432,-15.25537,3
-14.72432,-15.25537,3
-14.72432,-15.25537,3
-1.712595,-8.791968,3
12.5193,-13.46802,3
26.40858,-18.12516,3
30.61276,-19.53485,3
30.61276,-19.53485,3
30.61276,-19.53485,3
30.61276,-19.53485,3
30.61276,-19.53485,3
33.94979,-20.65378,3
19.67897,-19.32418,3
5.257429,-17.98054,3
-9.224898,-16.63125,3
-15.11739,-16.08225,3
-0.5355341,-13.29365,3
11.02422,-4.405358,3
23.13009,3.70787,3
35.80257,11.7157,3
39.78793,14.23409,3
39.78793,14.23409,3
43.1969,16.38824,3
28.68916,14.67273,3
24.39759,14.16526,3
24.39759,14.16526,3
24.39759,14.16526,3
24.39759,14.16526,3
24.39759,14.16526,3
24.39759,14.16526,3
18.5813,2.196222,3
5.377191,-4.362208,3
-8.39982,-11.2052,3
-9.399497,-11.70173,3
-9.399497,-11.70173,3
-9.399497,-11.70173,3
-9.399497,-11.70173,3
-9.399497,-11.70173,3
-13.09933,-13.53941,3
-14.61,0.8031194,3
-15.90424,13.09083,3
-15.90424,13.09083,3
-15.90424,13.09083,3
-2.367504,8.263396,3
-6.161747,10.50942,3
-10.2639,12.91016,3
-10.2639,12.91016,3
-6.900746,10.94191,3
-6.900746,10.94191,3
-6.900746,10.94191,3
-6.900746,10.94191,3
-6.900746,10.94191,3
-6.900746,10.94191,3
-6.900746,10.94191,3
6.647762,5.532513,3
3.084111,-4.948384,3
-5.898467,-16.33583,3
-7.179154,-17.9594,3
-7.179154,-17.9594,3
-7.179154,-17.9594,3
-7.179154,-17.9594,3
-7.179154,-17.9594,3
-9.808861,-21.29313,3
-7.161463,-17.93697,3
-7.161463,-17.93697,3
-7.161463,-17.93697,3
-7.161463,-17.93697,3
-11.43519,-19.12052,3
-11.43519,-19.12052,3
-11.43519,-19.12052,3
-11.43519,-19.12052,3
-11.43519,-19.12052,3
-11.43519,-19.12052,3
-11.43519,-19.12052,3
-8.820631,-18.39645,3
2.848846,-9.957186,3
16.23916,-10.38675,3
30.71288,-14.71729,3
33.96524,-15.6904,3
33.96524,-15.6904,3
33.96524,-15.6904,3
33.96524,-15.6904,3
33.96524,-15.6904,3
37.20728,-16.66042,3
31.88182,-3.224747,3
30.64251,-0.09807539,3
30.64251,-0.09807539,3
30.64251,-0.09807539,3
17.3841,-5.86881,3
3.883709,-11.74487,3
-3.330605,0.9995896,3
11.41028,1.031938,3
7.170822,-5.913431,3
-4.043436,-15.20725,3
-4.043436,-15.20725,3
-4.043436,-15.20725,3
-4.043436,-15.20725,3
-4.043436,-15.20725,3
-4.043436,-15.20725,3
7.996963,-6.354649,3
19.31873,3.746646,3
30.2425,14.35201,3
33.51781,17.53186,3
33.51781,17.53186,3
33.51781,17.53186,3
33.51781,17.53186,3
33.51781,17.53186,3
35.96282,19.90563,3
33.69532,17.7042,3
33.69532,17.7042,3
33.69532,17.7042,3
33.69532,17.7042,3
36.14385,3.070287,3
38.57208,-11.44242,3
39.22644,-15.35336,3
38.48634,-10.92999,3
38.48634,-10.92999,3
38.48634,-10.92999,3
38.48634,-10.92999,3
38.48634,-10.92999,3
38.48634,-10.92999,3
38.48634,-10.92999,3
30.28025,-19.70047,3
22.6099,-6.77078,3
20.81668,-1.304951,3
33.69956,-9.408118,3
39.8158,-13.25516,3
39.8158,-13.25516,3
39.8158,-13.25516,3
39.8158,-13.25516,3
39.8158,-13.25516,3
42.63984,-15.03143,3
30.43302,-7.0893,3
18.15579,0.9203459,3
6.037769,8.833378,3
-6.332398,16.91106,3
-9.733398,19.1319,3
-9.733398,19.1319,3
-9.733398,19.1319,3
-9.733398,19.1319,3
-6.466306,16.9985,3
7.94219,15.50076,3
22.6257,13.97444,3
30.56042,13.14964,3
30.56042,13.14964,3
30.56042,13.14964,3
30.56042,13.14964,3
22.25789,8.677551,3
22.25789,8.677551,3
22.25789,8.677551,3
22.25789,8.677551,3
22.25789,8.677551,3
22.25789,8.677551,3
22.25789,8.677551,3
19.50212,7.193182,3
18.01516,1.062504,3
28.38311,-8.849749,3
37.98226,-18.027,3
37.98226,-18.027,3
37.98226,-18.027,3
40.90202,-20.81842,3
37.77731,-17.83105,3
37.77731,-17.83105,3
37.77731,-17.83105,3
37.77731,-17.83105,3
37.77731,-17.83105,3
37.77731,-17.83105,3
37.77731,-17.83105,3
25.43233,-10.524,3
12.44726,-2.838076,3
-0.5107312,4.831819,3
9.21564,10.61174,3
21.96393,15.59501,3
21.96393,15.59501,3
21.96393,15.59501,3
21.96393,15.59501,3
21.96393,15.59501,3
21.96393,15.59501,3
27.56989,2.438093,3
33.29783,-11.00508,3
34.45314,-13.71653,3
34.45314,-13.71653,3
34.45314,-13.71653,3
34.45314,-13.71653,3
20.89713,-10.62965,3
32.63945,-2.996046,3
37.91687,0.3195143,3
37.91687,0.3195143,3
37.91687,0.3195143,3
37.91687,0.3195143,3
37.91687,0.3195143,3
37.91687,0.3195143,3
38.35925,0.5974409,3
23.97917,0.8817752,3
28.31433,9.688406,3
28.49434,10.03274,3
28.49434,10.03274,3
28.49434,10.03274,3
28.49434,10.03274,3
28.49434,10.03274,3
28.49434,10.03274,3
28.49434,10.03274,3
17.52605,0.844314,3
16.77605,0.1417763,3
29.22591,7.385858,3
30.81767,8.312041,3
30.81767,8.312041,3
30.81767,8.312041,3
30.98995,8.412285,3
31.17472,8.519798,3
31.17472,8.519798,3
31.17472,8.519798,3
31.17472,8.519798,3
31.17472,8.519798,3
31.17472,8.519798,3
31.17472,8.519798,3
32.6236,-5.593187,3
33.85564,-17.59389,3
33.85564,-17.59389,3
24.7138,-6.873267,3
26.46328,7.337676,3
26.79486,9.600232,3
26.79486,9.600232,3
26.79486,9.600232,3
26.79486,9.600232,3
26.79486,9.600232,3
26.79486,9.600232,3
26.82234,9.787727,3
38.76143,17.22812,3
38.76143,17.22812,3
38.76143,17.22812,3
38.76143,17.22812,3
26.92027,9.205812,3
30.41716,1.261951,3
30.50801,1.065242,3
30.50801,1.065242,3
30.50801,1.065242,3
30.50801,1.065242,3
30.50801,1.065242,3
30.50801,1.065242,3
30.50801,1.065242,3
30.91101,7.564684,3
30.93027,7.875414,3
30.948,8.161373,3
30.948,8.161373,3
30.948,8.161373,3
30.948,8.161373,3
30.948,8.161373,3
30.948,8.161373,3
30.948,8.161373,3
19.74947,-0.798438,3
8.48278,-9.812774,3
17.04593,-0.07445204,3
3.876725,5.53439,3
-9.50097,11.23203,3
-14.75332,13.46903,3
-14.75332,13.46903,3
-1.454229,8.40613,3
12.62516,5.078885,3
26.84428,1.740833,3
28.65505,1.315739,3
28.65505,1.315739,3
28.65505,1.315739,3
28.65505,1.315739,3
28.65505,1.315739,3
37.00023,12.85286,3
39.17672,15.86185,3
27.51404,7.676969,3
13.93988,8.251716,3
-0.1216964,11.49271,3
-9.586109,13.67412,3
-9.586109,13.67412,3
-9.586109,13.67412,3
-9.586109,13.67412,3
-9.586109,13.67412,3
-9.756849,13.71347,3
4.644938,13.50696,3
19.08673,13.29988,3
33.55044,13.09248,3
38.62144,13.01976,3
38.83863,13.01665,3
36.58457,-0.9664878,3
34.28282,-15.24537,3
34.22507,-15.60362,3
36.71371,-1.553508,3
39.2684,12.86959,3
39.75356,15.60864,3
39.75356,15.60864,3
39.75356,15.60864,3
39.75356,15.60864,3
39.75356,15.60864,3
27.83236,7.602934,3
39.26183,15.99228,3
40.83965,17.14919,3
40.83965,17.14919,3
40.83965,17.14919,3
40.83965,17.14919,3
40.83965,17.14919,3
40.83965,17.14919,3
40.9847,17.25555,3
41.21384,17.42356,3
41.21384,17.42356,3
41.21384,17.42356,3
41.21384,17.42356,3
27.69023,12.91128,3
13.0939,13.23542,3
4.313371,1.655109,3
-4.378811,-10.06916,3
-10.20363,-17.92584,3
-10.20363,-17.92584,3
-10.20363,-17.92584,3
-10.20363,-17.92584,3
-10.20363,-17.92584,3
1.544546,-9.706554,3
13.4981,-1.343579,3
16.71612,0.3471453,3
2.747644,2.008319,3
-11.66223,3.721984,3
-12.54619,3.827106,3
-12.54619,3.827106,3
-12.54619,3.827106,3
-12.54619,3.827106,3
-12.54619,3.827106,3
-12.73137,3.849129,3
1.558496,2.524305,3
-1.666116,15.69417,3
-3.153038,1.558478,3
-4.663471,-12.80071,3
-4.843554,-14.51271,3
-4.843554,-14.51271,3
-4.843554,-14.51271,3
-4.843554,-14.51271,3
-4.843554,-14.51271,3
-4.843554,-14.51271,3
-4.843554,-14.51271,3
-4.881329,-14.87182,3
6.828542,-6.749175,3
20.61505,-2.292004,3
29.68034,0.5816717,3
29.68034,0.5816717,3
29.68034,0.5816717,3
29.68034,0.5816717,3
29.68034,0.5816717,3
29.68034,0.5816717,3
19.48573,0.9467891,3
6.328388,5.879036,3
-7.210489,10.95431,3
-8.663514,11.499,3
-8.663514,11.499,3
-8.663514,11.499,3
-8.663514,11.499,3
-8.663514,11.499,3
-8.853238,11.57012,3
4.320086,5.86156,3
-4.910092,16.73014,3
-5.028958,16.86863,3
-5.205848,17.07473,3
-5.205848,17.07473,3
-5.205848,17.07473,3
-5.205848,17.07473,3
-5.205848,17.07473,3
-5.205848,17.07473,3
-5.205848,17.07473,3
6.508335,8.96029,3
3.780678,-2.596635,3
-3.389591,-15.17497,3
-4.284096,-16.74414,3
-4.284096,-16.74414,3
-4.284096,-16.74414,3
-4.284096,-16.74414,3
-4.284096,-16.74414,3
-4.375677,-16.90479,3
-4.508269,-17.13739,3
-4.508269,-17.13739,3
-4.508269,-17.13739,3
-4.508269,-17.13739,3
7.478155,-9.370179,3
19.72468,-1.434424,3
31.83844,6.415302,3
40.78028,12.20961,3
40.78028,12.20961,3
40.78028,12.20961,3
40.78028,12.20961,3
26.45169,12.99697,3
11.9444,13.79415,3
-2.552712,14.59076,3
-8.524055,14.91889,3
4.95722,10.0753,3
18.65306,5.154616,3
31.69941,0.4672844,3
31.69941,0.4672844,3
31.69941,0.4672844,3
31.69941,0.4672844,3
31.69941,0.4672844,3
27.66931,7.784733,3
27.57553,7.955021,3
19.13756,1.826252,3
7.413361,-6.169851,3
16.82274,0.202639,3
3.898277,-6.177401,3
-9.105692,-12.59669,3
-14.6736,-15.34524,3
-14.6736,-15.34524,3
-2.168804,-8.434877,3
10.93596,-2.299577,3
25.11973,-5.145734,3
19.10519,0.08894706,3
28.5274,10.39004,3
29.02591,10.93506,3
29.02591,10.93506,3
29.02591,10.93506,3
29.02591,10.93506,3
29.02591,10.93506,3
29.02591,10.93506,3
19.02974,1.927858,3
6.851351,-5.437349,3
-2.795233,-11.27138,3
-2.795233,-11.27138,3
-2.795233,-11.27138,3
-2.795233,-11.27138,3
-2.795233,-11.27138,3
-2.795233,-11.27138,3
-2.945927,-11.36252,3
-3.102967,-11.45749,3
-3.102967,-11.45749,3
-3.102967,-11.45749,3
-3.102967,-11.45749,3
8.530901,-3.105419,3
22.301,-7.791383,3
36.04605,-12.613,3
38.8315,-13.59011,3
38.8315,-13.59011,3
39.24434,-13.73493,3
40.03475,0.552358,3
40.83797,15.07103,3
40.92078,16.56788,3
40.92078,16.56788,3
40.92078,16.56788,3
40.92078,16.56788,3
40.92078,16.56788,3
29.05634,8.509515,3
14.7771,10.17368,3
0.3886673,12.04108,3
-5.651819,12.82503,3
-5.651819,12.82503,3
-5.651819,12.82503,3
-5.651819,12.82503,3
-5.651819,12.82503,3
-5.843348,12.84989,3
6.967633,6.467482,3
20.64666,11.12762,3
24.63735,12.52341,3
24.63735,12.52341,3
24.63735,12.52341,3
24.63735,12.52341,3
24.63735,12.52341,3
24.63735,12.52341,3
29.68465,-0.8823014,3
34.51892,-13.72224,3
34.5991,-13.93518,3
34.5991,-13.93518,3
34.5991,-13.93518,3
34.5991,-13.93518,3
34.5991,-13.93518,3
34.5991,-13.93518,3
34.5991,-13.93518,3
22.09248,-6.974497,3
18.54356,-0.2490813,3
28.08254,-10.70568,3
31.07417,-13.98509,3
31.07417,-13.98509,3
31.07417,-13.98509,3
31.07417,-13.98509,3
31.07417,-13.98509,3
31.07417,-13.98509,3
31.21697,-14.14163,3
26.33691,-0.5931422,3
21.43721,13.00985,3
8.005104,7.884548,3
-6.038658,11.40746,3
6.664168,5.885045,3
1.262881,-6.97665,3
-3.379469,-16.70027,3
-3.379469,-16.70027,3
-3.379469,-16.70027,3
-3.379469,-16.70027,3
-3.379469,-16.70027,3
-3.379469,-16.70027,3
7.687282,-7.538001,3
16.20366,4.242239,3
24.62288,16.06599,3
25.16278,16.82422,3
25.16278,16.82422,3
25.16278,16.82422,3
25.16278,16.82422,3
25.16278,16.82422,3
25.26958,16.97421,3
12.14684,11.0836,3
21.76656,0.4991747,3
31.66477,-10.17081,3
36.99995,-15.92197,3
36.99995,-15.92197,3
36.99995,-15.92197,3
36.99995,-15.92197,3
36.99995,-15.92197,3
31.2615,-19.26507,3
31.2615,-19.26507,3
31.10382,-19.35693,3
31.10382,-19.35693,3
31.10382,-19.35693,3
31.10382,-19.35693,3
31.10382,-19.35693,3
31.10382,-19.35693,3
31.10382,-19.35693,3
30.28545,-5.005765,3
19.34702,0.3757462,3
25.00148,13.39756,3
26.41977,16.66376,3
26.41977,16.66376,3
26.41977,16.66376,3
26.41977,16.66376,3
12.005,16.37746,3
-2.485352,16.08968,3
-5.520131,16.0294,3
8.512598,13.32838,3
22.70353,10.59691,3
29.60774,9.267983,3
29.60774,9.267983,3
29.60774,9.267983,3
29.93521,9.204951,3
29.93521,9.204951,3
29.93521,9.204951,3
29.93521,9.204951,3
29.93521,9.204951,3
29.93521,9.204951,3
29.93521,9.204951,3
19.20218,1.826446,3
30.57279,7.311527,3
30.72638,7.385616,3
30.72638,7.385616,3
30.72638,7.385616,3
30.72638,7.385616,3
30.72638,7.385616,3
30.72638,7.385616,3
30.90266,7.470654,3
16.7442,4.671439,3
24.44047,-7.435851,3
29.24791,-14.84145,3
29.24791,-14.84145,3
29.24791,-14.84145,3
29.24791,-14.84145,3
29.24791,-14.84145,3
29.24791,-14.84145,3
15.00393,-16.11785,3
0.5134537,-17.41633,3
9.718251,-6.556392,3
19.18534,4.439229,3
28.61716,15.39389,3
29.08122,15.93288,3
29.08122,15.93288,3
29.08122,15.93288,3
29.08122,15.93288,3
34.70789,2.746213,3
40.40369,-10.6025,3
40.458,-10.7298,3
40.458,-10.7298,3
40.458,-10.7298,3
40.458,-10.7298,3
40.458,-10.7298,3
40.458,-10.7298,3
26.12461,-12.06779,3
18.76128,-0.2507196,3
4.737365,-0.9367062,3
18.19238,3.3668,3
32.03345,7.745238,3
34.7682,8.610338,3
34.7682,8.610338,3
34.7682,8.610338,3
34.7682,8.610338,3
34.7682,8.610338,3
21.65211,2.657533,3
7.79988,-1.414529,3
-6.150418,-5.160655,3
-11.55897,-6.613034,3
-11.55897,-6.613034,3
-11.55897,-6.613034,3
-11.55897,-6.613034,3
-11.55897,-6.613034,3
-11.78098,-6.672652,3
-11.96674,-6.722535,3
-11.96674,-6.722535,3
-11.96674,-6.722535,3
-11.96674,-6.722535,3
1.404688,-1.609943,3
15.00196,3.589003,3
28.51199,8.75459,3
35.68594,11.49756,3
35.68594,11.49756,3
35.68594,11.49756,3
35.68594,11.49756,3
28.40439,-0.8028491,3
14.83722,-5.704412,3
1.030423,-10.31408,3
11.09599,-3.458806,3
5.60578,6.0586,3
-4.904329,15.96705,3
-5.003375,16.06043,3
-5.003375,16.06043,3
-5.003375,16.06043,3
-5.003375,16.06043,3
-5.003375,16.06043,3
-5.140737,16.18993,3
6.922334,8.271543,3
18.22323,-0.7615341,3
29.48374,-9.780738,3
34.84825,-14.07749,3
34.84825,-14.07749,3
34.84825,-14.07749,3
34.84825,-14.07749,3
34.84825,-14.07749,3
35.01502,-14.21107,3
35.01502,-14.21107,3
35.01502,-14.21107,3
35.01502,-14.21107,3
21.78248,-8.334661,3
18.53635,-0.3946707,3
31.11376,6.686162,3
35.75335,9.298158,3
35.75335,9.298158,3
35.75335,9.298158,3
35.75335,9.298158,3
35.75335,9.298158,3
35.75335,9.298158,3
35.75335,9.298158,3
35.90847,9.385491,3
22.8504,3.271153,3
8.940049,6.969168,3
3.032889,-6.126367,3
-2.426322,-18.68073,3
-2.426322,-18.68073,3
-2.426322,-18.68073,3
-2.426322,-18.68073,3
-2.426322,-18.68073,3
-2.426322,-18.68073,3
8.922256,-10.06796,3
20.49881,-1.282175,3
32.06715,7.497383,3
36.90278,11.16728,3
36.90278,11.16728,3
37.78453,14.24735,3
37.78453,14.24735,3
37.78453,14.24735,3
37.78453,14.24735,3
37.78453,14.24735,3
37.78453,14.24735,3
37.78453,14.24735,3
25.45609,5.99246,3
12.61633,5.981264,3
-0.4254264,12.33524,3
-8.753065,16.39248,3
-8.753065,16.39248,3
-8.753065,16.39248,3
-8.753065,16.39248,3
-8.753065,16.39248,3
-10.68461,17.33355,3
-5.530138,3.952394,3
8.164661,-0.8168551,3
21.9528,-5.512853,3
35.61417,-10.16568,3
39.64677,-11.53911,3
39.64677,-11.53911,3
39.64677,-11.53911,3
39.64677,-11.53911,3
27.03584,-4.234099,3
33.31935,-0.4016117,3
19.41499,0.8705381,3
5.38782,3.863393,3
-9.540381,7.048491,3
-12.6053,7.702425,3
-12.6053,7.702425,3
-12.6053,7.702425,3
-12.6053,7.702425,3
-12.6053,7.702425,3
-15.1548,8.246388,3
-1.576397,5.278663,3
-11.18616,15.17198,3
-11.18616,15.17198,3
-11.18616,15.17198,3
-11.18616,15.17198,3
-11.18616,15.17198,3
-11.18616,15.17198,3
-11.18616,15.17198,3
-0.3097947,5.652696,3
10.5613,-3.861968,3
21.592,-13.51633,3
28.10208,-19.21412,3
26.9477,-9.086913,3
25.27462,5.590826,3
24.98675,8.116258,3
24.98675,8.116258,3
24.98675,8.116258,3
24.98675,8.116258,3
24.98675,8.116258,3
18.9346,1.951931,3
5.131344,4.275125,3
-9.364008,6.714803,3
-15.74402,7.788608,3
-15.74402,7.788608,3
-15.74402,7.788608,3
-15.74402,7.788608,3
-15.74402,7.788608,3
-19.39923,8.403812,3
-5.302481,10.8156,3
9.060073,13.27286,3
21.24304,5.412731,3
26.99411,1.656908,3
26.99411,1.656908,3
26.99411,1.656908,3
26.99411,1.656908,3
26.99411,1.656908,3
26.99411,1.656908,3
12.43868,6.085562,3
-2.282137,10.56454,3
-5.650854,11.58951,3
-5.650854,11.58951,3
-5.650854,11.58951,3
-5.650854,11.58951,3
-5.650854,11.58951,3
-5.650854,11.58951,3
-5.650854,11.58951,3
6.041878,11.36462,3
20.66821,11.08331,3
24.14347,11.01647,3
24.14347,11.01647,3
24.14347,11.01647,3
24.14347,11.01647,3
11.03262,4.47824,3
-2.060023,-2.050915,3
-15.08028,-8.543967,3
-18.87545,-10.43658,3
-18.87545,-10.43658,3
-18.87545,-10.43658,3
-18.87545,-10.43658,3
-18.87545,-10.43658,3
-4.722543,-7.910738,3
9.57296,-5.359448,3
25.06125,-2.595285,3
33.12565,-1.156044,3
33.12565,-1.156044,3
33.12565,-1.156044,3
33.12565,-1.156044,3
33.12565,-1.156044,3
33.12565,-1.156044,3
33.12565,-1.156044,3
18.46202,1.633754,3
4.160502,4.354659,3
-10.39167,7.123251,3
-13.87355,7.78569,3
-13.87355,7.78569,3
-13.87355,7.78569,3
-13.87355,7.78569,3
-13.87355,7.78569,3
-15.2498,4.382254,3
-2.879394,-3.333068,3
10.55522,2.507209,3
24.02656,8.470461,3
30.93286,11.52762,3
30.93286,11.52762,3
30.93286,11.52762,3
30.93286,11.52762,3
30.93286,11.52762,3
19.53477,2.249334,3
6.965131,-6.504933,3
-5.312941,-15.04455,3
-10.00421,-18.30741,3
-10.00421,-18.30741,3
-10.00421,-18.30741,3
-10.00421,-18.30741,3
-10.00421,-18.30741,3
-12.38674,-19.9645,3
-9.922722,-18.25073,3
-9.922722,-18.25073,3
-9.922722,-18.25073,3
-9.922722,-18.25073,3
-6.820235,-4.446779,3
-3.577873,9.97953,3
7.382512,0.8418613,3
18.46297,-8.539164,3
29.57411,-17.94617,3
32.91922,-20.77824,3
32.91922,-20.77824,3
32.91922,-20.77824,3
32.91922,-20.77824,3
32.91922,-20.77824,3
17.93456,-16.51302,3
17.30829,-3.877588,3
24.7347,9.046103,3
28.23193,14.74778,3
28.23193,14.74778,3
28.23193,14.74778,3
28.23193,14.74778,3
28.23193,14.74778,3
28.23193,14.74778,3
29.77117,17.25727,3
15.74705,13.95248,3
1.641099,10.62842,3
-12.47284,7.302475,3
-16.79194,6.284679,3
-2.485357,8.28916,3
11.14309,3.460534,3
20.68389,-7.447691,3
27.24692,-15.11966,3
27.24692,-15.11966,3
27.24692,-15.11966,3
27.24692,-15.11966,3
27.24692,-15.11966,3
27.24692,-15.11966,3
29.47689,-17.72645,3
21.738,-5.09917,3
30.19331,-14.02308,3
32.70721,-16.77385,3
32.70721,-16.77385,3
32.70721,-16.77385,3
32.70721,-16.77385,3
32.70721,-16.77385,3
32.70721,-16.77385,3
30.76316,-14.64661,3
21.14217,-2.852045,3
20.1393,11.79555,3
19.91388,15.36304,3
19.91388,15.36304,3
19.91388,15.36304,3
19.91388,15.36304,3
19.91388,15.36304,3
19.91388,15.36304,3
20.15957,11.47448,3
32.59792,3.899091,3
37.90923,0.6643118,3
37.90923,0.6643118,3
37.90923,0.6643118,3
23.55302,0.9063712,3
9.303871,-1.787093,3
-4.987356,-4.515601,3
-16.77621,-6.766351,3
-16.77621,-6.766351,3
-16.77621,-6.766351,3
-16.77621,-6.766351,3
-16.77621,-6.766351,3
-16.77621,-6.766351,3
-2.828065,-3.6514,3
-2.203807,11.12253,3
-6.523239,15.04848,3
-6.523239,15.04848,3
-6.523239,15.04848,3
-6.523239,15.04848,3
-6.523239,15.04848,3
-6.523239,15.04848,3
-6.523239,15.04848,3
-10.34679,14.65968,3
-10.34679,14.65968,3
-10.34679,14.65968,3
-10.34679,14.65968,3
-8.983105,0.3303427,3
-8.131043,-8.622956,3
-15.85376,-2.855963,3
-0.8959478,-1.271914,3
13.60856,0.264129,3
25.86698,8.728402,3
31.1241,12.38995,3
31.1241,12.38995,3
31.1241,12.38995,3
31.1241,12.38995,3
31.1241,12.38995,3
31.1241,12.38995,3
33.56519,14.09013,3
33.13154,10.18467,3
33.13154,10.18467,3
33.13154,10.18467,3
33.13154,10.18467,3
33.13154,10.18467,3
33.13154,10.18467,3
33.13154,10.18467,3
32.69558,6.258346,3
32.69558,6.258346,3
32.69558,6.258346,3
32.69558,6.258346,3
18.24634,3.857191,3
28.19995,-6.658054,3
38.25566,-17.13948,3
40.31209,-19.28297,3
40.31209,-19.28297,3
40.31209,-19.28297,3
40.31209,-19.28297,3
40.31209,-19.28297,3
40.31209,-19.28297,3
40.31209,-19.28297,3
29.26493,-9.240465,3
30.80196,-18.22157,3
30.80196,-18.22157,3
30.80196,-18.22157,3
30.80196,-18.22157,3
30.80196,-18.22157,3
30.80196,-18.22157,3
30.80196,-18.22157,3
31.73816,-21.90148,3
30.72429,-17.91627,3
30.72429,-17.91627,3
30.72429,-17.91627,3
30.72429,-17.91627,3
22.76471,-6.083351,3
10.3429,1.498869,3
16.60713,1.100653,3
29.73404,6.984355,3
32.20251,8.090765,3
19.00528,1.501898,3
27.85172,-8.731227,3
34.0517,-15.90306,3
34.0517,-15.90306,3
34.0517,-15.90306,3
34.0517,-15.90306,3
34.0517,-15.90306,3
34.0517,-15.90306,3
35.80403,-17.93006,3
25.81197,-7.306035,3
36.12817,-16.24326,3
38.81913,-18.57899,3
38.81913,-18.57899,3
38.81913,-18.57899,3
38.81913,-18.57899,3
38.81913,-18.57899,3
38.81913,-18.57899,3
38.81913,-18.57899,3
36.04707,-16.17287,3
25.66486,-6.293579,3
32.53754,-6.863277,3
29.55271,-1.072337,3
29.55271,-1.072337,3
29.55271,-1.072337,3
29.55271,-1.072337,3
29.10666,-0.206938,3
29.10666,-0.206938,3
29.10666,-0.206938,3
29.10666,-0.206938,3
29.10666,-0.206938,3
29.10666,-0.206938,3
29.10666,-0.206938,3
27.86026,2.211261,3
18.78541,1.096482,3
4.317262,3.07899,3
-10.30921,5.083191,3
-15.5733,5.804506,3
-15.5733,5.804506,3
-15.5733,5.804506,3
-15.5733,5.804506,3
-15.5733,5.804506,3
-15.5733,5.804506,3
-19.43421,6.333548,3
-5.107903,8.121345,3
9.334799,9.923666,3
23.78059,11.72637,3
38.11202,13.51481,3
40.9362,13.86725,3
40.9362,13.86725,3
40.9362,13.86725,3
40.9362,13.86725,3
40.9362,13.86725,3
28.23235,6.740361,3
15.79696,-0.7750406,3
3.553014,-8.415078,3
-6.340484,-14.58847,3
-6.340484,-14.58847,3
-6.340484,-14.58847,3
-6.340484,-14.58847,3
-6.340484,-14.58847,3
-9.768538,-16.72754,3
-6.029258,-14.39427,3
-6.029258,-14.39427,3
-6.029258,-14.39427,3
-6.029258,-14.39427,3
8.246735,-15.95869,3
22.75673,-17.54875,3
34.87569,-18.8768,3
38.97899,-19.32644,3
35.03946,-18.89474,3
35.03946,-18.89474,3
35.03946,-18.89474,3
35.03946,-18.89474,3
35.03946,-18.89474,3
35.03946,-18.89474,3
35.03946,-18.89474,3
25.65039,-7.932355,3
33.05603,4.306114,3
39.64854,13.50933,3
39.64854,13.50933,3
39.64854,13.50933,3
39.64854,13.50933,3
39.64854,13.50933,3
39.64854,13.50933,3
41.90261,16.65618,3
39.41692,13.18598,3
39.41692,13.18598,3
39.41692,13.18598,3
39.41692,13.18598,3
35.68493,11.33898,3
32.17032,9.599563,3
32.17032,9.599563,3
32.17032,9.599563,3
32.17032,9.599563,3
32.17032,9.599563,3
32.17032,9.599563,3
32.17032,9.599563,3
19.90064,2.153443,3
5.337254,-2.302131,3
-8.63058,-6.310946,3
-16.67954,-8.621025,3
-16.67954,-8.621025,3
-16.67954,-8.621025,3
-16.67954,-8.621025,3
-16.67954,-8.621025,3
-18.47587,-9.136576,3
-5.315609,-5.479365,3
-8.460513,8.672168,3
-9.505173,13.17977,3
-9.505173,13.17977,3
-8.539606,9.013445,3
-8.539606,9.013445,3
-8.539606,9.013445,3
-8.539606,9.013445,3
-8.539606,9.013445,3
-8.539606,9.013445,3
-8.539606,9.013445,3
5.585687,11.57579,3
19.82523,14.15887,3
34.098,16.74796,3
40.82489,17.96823,3
41.86124,18.15624,3
41.86124,18.15624,3
41.86124,18.15624,3
41.86124,18.15624,3
41.86124,18.15624,3
41.86124,18.15624,3
41.86124,18.15624,3
38.59437,17.56357,3
28.03133,9.067968,3
28.00319,12.16008,3
28.00319,12.16008,3
28.00319,12.16008,3
28.00319,12.16008,3
28.00319,12.16008,3
28.00319,12.16008,3
28.00319,12.16008,3
27.91846,7.907042,3
19.00603,1.700582,3
32.73452,6.789532,3
36.30474,8.112963,3
36.30474,8.112963,3
36.30474,8.112963,3
36.30474,8.112963,3
36.30474,8.112963,3
36.30474,8.112963,3
36.30474,8.112963,3
22.65878,2.810335,3
27.07013,8.283217,3
36.15599,16.25911,3
36.15599,16.25911,3
36.15599,16.25911,3
36.15599,16.25911,3
36.15599,16.25911,3
36.15599,16.25911,3
38.75229,18.5382,3
35.7301,15.88525,3
35.7301,15.88525,3
35.7301,15.88525,3
35.7301,15.88525,3
26.39982,13.3764,3
26.39982,13.3764,3
22.42412,12.30736,3
8.028481,13.08277,3
-6.69877,13.87605,3
-11.15066,14.11584,3
-11.15066,14.11584,3
-11.15066,14.11584,3
-11.15066,14.11584,3
-11.15066,14.11584,3
1.936224,8.227622,3
14.48576,1.013362,3
26.72381,-6.749934,3
34.63812,-11.77044,3
34.63812,-11.77044,3
34.63812,-11.77044,3
34.63812,-11.77044,3
34.63812,-11.77044,3
37.37701,-13.50787,3
34.23551,-11.51504,3
34.23551,-11.51504,3
34.23551,-11.51504,3
34.23551,-11.51504,3
38.51805,-1.164763,3
39.92498,2.235501,3
38.14887,-2.057001,3
38.14887,-2.057001,3
38.14887,-2.057001,3
38.14887,-2.057001,3
38.14887,-2.057001,3
38.14887,-2.057001,3
38.14887,-2.057001,3
27.36176,8.641212,3
27.26731,8.734886,3
27.26731,8.734886,3
27.26731,8.734886,3
27.26731,8.734886,3
27.26731,8.734886,3
27.26731,8.734886,3
27.26731,8.734886,3
25.19509,10.79006,3
18.28859,1.392676,3
4.285139,-1.813502,3
-9.854034,-5.050755,3
-13.77916,-5.949437,3
-13.77916,-5.949437,3
-17.53162,-6.808585,3
-17.53162,-6.808585,3
-17.53162,-6.808585,3
-17.53162,-6.808585,3
-17.53162,-6.808585,3
-17.53162,-6.808585,3
-17.53162,-6.808585,3
-13.46907,-5.878441,3
-15.28634,8.394755,3
-15.85329,12.84767,3
-15.85329,12.84767,3
-3.382128,7.177808,3
10.21172,0.9975255,3
23.75731,-5.160817,3
37.00819,-11.18517,3
40.16225,-12.61913,3
40.16225,-12.61913,3
40.16225,-12.61913,3
43.06069,-13.93687,3
30.11199,-6.219085,3
17.87816,1.643818,3
5.48948,9.611046,3
-4.790771,16.22234,3
-4.790771,16.22234,3
-8.219716,18.42751,3
-8.219716,18.42751,3
-5.106996,16.4257,3
-5.106996,16.4257,3
-5.106996,16.4257,3
-5.106996,16.4257,3
-5.106996,16.4257,3
-5.106996,16.4257,3
-5.106996,16.4257,3
-7.606223,18.03297,3
-7.913247,14.10881,3
-7.913247,14.10881,3
-7.913247,14.10881,3
-7.913247,14.10881,3
-7.913247,14.10881,3
-7.913247,14.10881,3
-7.913247,14.10881,3
4.561993,7.797922,3
18.99002,12.01506,3
27.89608,14.67082,3
27.89608,14.67082,3
27.89608,14.67082,3
27.89608,14.67082,3
27.89608,14.67082,3
27.89608,14.67082,3
30.32314,10.23661,3
37.92255,5.650257,3
28.48477,1.329572,3
15.23654,-4.735568,3
2.073214,-10.76183,3
-3.858198,-13.47728,3
-3.858198,-13.47728,3
-3.858198,-13.47728,3
-3.858198,-13.47728,3
-6.197795,-14.54835,3
5.389997,-7.102588,3
0.9543579,-0.8547755,3
-12.57478,4.470792,3
-17.80806,6.530807,3
-17.80806,6.530807,3
-17.80806,6.530807,3
-17.80806,6.530807,3
-17.80806,6.530807,3
-20.78467,7.702516,3
-20.21074,7.476595,3
-20.21074,7.476595,3
-20.21074,7.476595,3
-20.21074,7.476595,3
-12.82631,15.14223,3
-12.82631,15.14223,3
-9.835218,18.24721,3
-12.58433,15.39342,3
-12.58433,15.39342,3
-12.58433,15.39342,3
-12.58433,15.39342,3
-12.58433,15.39342,3
-12.58433,15.39342,3
-12.58433,15.39342,3
-14.90825,14.44538,3
-13.05912,-0.4325208,3
-11.16741,-15.65308,3
-11.16741,-15.65308,3
-11.16741,-15.65308,3
-11.16741,-15.65308,3
-11.16741,-15.65308,3
-11.16741,-15.65308,3
-10.81881,-18.45786,3
3.628506,-18.31658,3
18.33678,-18.17274,3
32.82096,-18.03109,3
37.01012,-17.99012,3
37.01012,-17.99012,3
37.01012,-17.99012,3
32.81745,-18.03114,3
32.81745,-18.03114,3
32.81745,-18.03114,3
32.81745,-18.03114,3
32.81745,-18.03114,3
32.81745,-18.03114,3
32.81745,-18.03114,3
37.09836,-17.98925,3
21.77071,-14.69288,3
7.02598,-11.52186,3
-8.087084,-8.271637,3
-13.38469,-7.132329,3
-13.38469,-7.132329,3
-13.38469,-7.132329,3
-13.38469,-7.132329,3
-13.38469,-7.132329,3
-13.38469,-7.132329,3
-16.31665,-6.501776,3
-5.525985,-1.004395,3
7.376096,5.568661,3
19.11258,11.5479,3
19.11258,11.5479,3
19.11258,11.5479,3
19.11258,11.5479,3
19.11258,11.5479,3
18.13061,2.238266,3
22.52045,11.94018,3
24.21618,15.68782,3
24.21618,15.68782,3
24.21618,15.68782,3
24.21618,15.68782,3
24.21618,15.68782,3
24.21618,15.68782,3
24.21618,15.68782,3
19.17124,3.767447,3
24.19625,4.742838,3
32.54611,10.6774,3
32.54611,10.6774,3
32.54611,10.6774,3
32.54611,10.6774,3
32.54611,10.6774,3
32.54611,10.6774,3
35.17325,12.54462,3
32.72347,10.80346,3
32.72347,10.80346,3
32.72347,10.80346,3
32.72347,10.80346,3
18.67979,7.187308,3
4.217712,6.690962,3
-10.29151,6.218463,3
-15.90831,6.03555,3
-15.90831,6.03555,3
-15.90831,6.03555,3
-15.90831,6.03555,3
-15.90831,6.03555,3
-15.90831,6.03555,3
-18.77731,5.942123,3
-16.47905,12.61011,3
-2.631514,11.40489,3
12.00869,10.13069,3
23.6118,9.120823,3
23.6118,9.120823,3
23.6118,9.120823,3
23.6118,9.120823,3
23.6118,9.120823,3
26.39654,8.878452,3
18.3399,1.318932,3
28.58803,-9.255993,3
38.16689,-19.14033,3
38.16689,-19.14033,3
38.16689,-19.14033,3
38.16689,-19.14033,3
41.17591,-22.24529,3
41.17591,-22.24529,3
41.17591,-22.24529,3
41.17591,-22.24529,3
41.17591,-22.24529,3
41.17591,-22.24529,3
41.17591,-22.24529,3
38.21852,-19.19361,3
28.04666,-9.034278,3
14.80607,-1.423199,3
27.23668,-9.296958,3
39.8256,-17.25738,3
39.8256,-17.25738,3
39.8256,-17.25738,3
39.8256,-17.25738,3
39.8256,-17.25738,3
39.8256,-17.25738,3
42.44733,-18.9152,3
31.24291,-9.787885,3
33.61396,-16.01475,3
33.61396,-16.01475,3
33.61396,-16.01475,3
33.61396,-16.01475,3
23.97849,-5.514837,3
31.41453,6.797048,3
33.62642,10.3927,3
33.68623,10.48995,3
33.68623,10.48995,3
33.68623,10.48995,3
33.68623,10.48995,3
36.06588,14.35825,3
36.06588,14.35825,3
36.06588,14.35825,3
36.06588,14.35825,3
36.06588,14.35825,3
36.06588,14.35825,3
36.06588,14.35825,3
23.92887,5.383922,3
11.15896,-2.698106,3
-2.013295,-10.78091,3
-3.059479,-11.42288,3
-3.059479,-11.42288,3
-3.059479,-11.42288,3
-3.059479,-11.42288,3
-3.059479,-11.42288,3
-6.325834,-13.42718,3
-2.515604,-11.08914,3
-2.515604,-11.08914,3
-2.515604,-11.08914,3
-2.515604,-11.08914,3
8.02261,-1.097251,3
18.53534,8.870474,3
23.95115,14.00553,3
26.78364,16.69117,3
23.6672,13.7363,3
23.6672,13.7363,3
23.6672,13.7363,3
23.6672,13.7363,3
23.6672,13.7363,3
23.6672,13.7363,3
23.6672,13.7363,3
18.52863,2.188029,3
12.69705,-2.849333,3
1.426197,-12.58519,3
-4.926061,-18.07232,3
-4.926061,-18.07232,3
-4.926061,-18.07232,3
-4.926061,-18.07232,3
-4.926061,-18.07232,3
-8.29787,-20.98492,3
-4.992069,-18.12934,3
-4.992069,-18.12934,3
-4.992069,-18.12934,3
-4.992069,-18.12934,3
9.567848,-18.44633,3
24.12195,-18.76318,3
33.58678,-18.96923,3
33.58678,-18.96923,3
33.58678,-18.96923,3
33.58678,-18.96923,3
33.58678,-18.96923,3
33.58678,-18.96923,3
33.58678,-18.96923,3
24.64714,-7.516082,3
10.42627,-11.63137,3
-3.403135,-15.74195,3
-10.13338,-17.74241,3
-10.13338,-17.74241,3
-10.13338,-17.74241,3
-10.13338,-17.74241,3
-10.13338,-17.74241,3
-13.79905,-18.83197,3
-10.3564,-17.8087,3
-10.3564,-17.8087,3
-10.3564,-17.8087,3
-10.3564,-17.8087,3
4.094278,-17.27915,3
18.75205,-16.74201,3
33.42467,-16.20431,3
37.81635,-16.04338,3
42.29459,-15.87927,3
42.29459,-15.87927,3
42.29459,-15.87927,3
42.29459,-15.87927,3
42.29459,-15.87927,3
42.29459,-15.87927,3
42.29459,-15.87927,3
29.64194,-7.088531,3
15.30587,-5.422945,3
0.3451251,-6.938712,3
-14.29829,-8.422328,3
-18.97907,-8.896565,3
-18.97907,-8.896565,3
-18.97907,-8.896565,3
-18.97907,-8.896565,3
-22.15825,-9.21866,3
-18.39001,-8.836885,3
-18.39001,-8.836885,3
-18.39001,-8.836885,3
-18.39001,-8.836885,3
-5.005683,-3.076988,3
8.270421,2.636333,3
21.77024,8.445929,3
35.2471,14.24565,3
39.45467,16.05636,3
39.45467,16.05636,3
39.45467,16.05636,3
39.45467,16.05636,3
39.45467,16.05636,3
37.04961,15.02135,3
25.38758,6.437588,3
10.86489,8.436543,3
-4.100823,11.42171,3
-6.379384,11.87621,3
-6.379384,11.87621,3
-6.379384,11.87621,3
-6.379384,11.87621,3
-6.379384,11.87621,3
-9.468183,12.49233,3
-6.494748,11.89922,3
-6.494748,11.89922,3
-6.494748,11.89922,3
-6.494748,11.89922,3
-9.363535,14.43698,3
3.459054,8.14039,3
1.973249,-2.923522,3
-3.371521,-12.83458,3
-3.371521,-12.83458,3
-3.371521,-12.83458,3
-3.371521,-12.83458,3
-3.371521,-12.83458,3
-3.371521,-12.83458,3
-4.788092,-15.46139,3
4.780559,-8.549303,3
17.57722,-0.2012404,3
30.11782,7.904981,3
36.92481,12.305,3
36.92481,12.305,3
36.92481,12.305,3
36.92481,12.305,3
36.92481,12.305,3
39.50786,13.97467,3
27.08265,6.479127,3
27.56729,-8.168269,3
27.94688,-17.67026,3
27.94688,-17.67026,3
27.94688,-17.67026,3
27.94688,-17.67026,3
27.94688,-17.67026,3
27.94688,-17.67026,3
28.13042,-22.26493,3
19.38717,-10.87104,3
26.30043,1.872804,3
32.40201,12.91754,3
32.40201,12.91754,3
32.40201,12.91754,3
33.88745,15.60643,3
22.63858,5.264564,3
29.89771,-7.128183,3
33.24358,-12.73292,3
33.24358,-12.73292,3
33.24358,-12.73292,3
33.24358,-12.73292,3
33.24358,-12.73292,3
33.24358,-12.73292,3
34.73448,-15.23034,3
24.45631,-5.261804,3
34.62368,0.413847,3
34.62368,0.413847,3
34.62368,0.413847,3
34.62368,0.413847,3
38.41044,2.026569,3
38.41044,2.026569,3
38.41044,2.026569,3
38.41044,2.026569,3
38.41044,2.026569,3
38.41044,2.026569,3
38.41044,2.026569,3
34.49789,0.3602747,3
20.19815,-0.2951174,3
28.2963,-12.47717,3
29.83834,-14.76061,3
29.83834,-14.76061,3
29.83834,-14.76061,3
29.83834,-14.76061,3
29.83834,-14.76061,3
29.83834,-14.76061,3
20.82106,-2.755738,3
6.916947,1.284587,3
-7.190694,4.520577,3
-17.56985,6.901332,3
-17.56985,6.901332,3
-17.56985,6.901332,3
-17.56985,6.901332,3
-17.56985,6.901332,3
-21.42747,7.786191,3
-17.18765,6.813664,3
-17.18765,6.813664,3
-17.18765,6.813664,3
-17.18765,6.813664,3
-16.43959,-7.555892,3
-12.39604,-6.879727,3
-12.39604,-6.879727,3
-16.97758,-7.792104,3
-16.97758,-7.792104,3
-16.97758,-7.792104,3
-16.97758,-7.792104,3
-16.97758,-7.792104,3
-16.97758,-7.792104,3
-16.97758,-7.792104,3
-2.140063,-4.062487,3
11.41176,0.9895857,3
25.22266,6.791785,3
39.07747,12.61242,3
39.07747,12.61242,3
39.07747,12.61242,3
39.07747,12.61242,3
39.07747,12.61242,3
43.16958,14.3316,3
39.51065,12.79442,3
39.51065,12.79442,3
39.51065,12.79442,3
39.51065,12.79442,3
40.844,1.340102,3
41.38584,-3.314521,3
40.94372,0.4834888,3
40.94372,0.4834888,3
40.94372,0.4834888,3
40.94372,0.4834888,3
40.94372,0.4834888,3
40.94372,0.4834888,3
40.94372,0.4834888,3
25.74409,0.8256642,3
21.27723,13.25867,3
21.07726,14.51475,3
21.07726,14.51475,3
21.07726,14.51475,3
21.07726,14.51475,3
21.07726,14.51475,3
21.07726,14.51475,3
20.46162,18.38158,3
21.06333,14.60222,3
21.06333,14.60222,3
21.06333,14.60222,3
21.06333,14.60222,3
30.75939,17.61457,3
30.75939,17.61457,3
30.75939,17.61457,3
30.75939,17.61457,3
30.75939,17.61457,3
30.75939,17.61457,3
30.75939,17.61457,3
33.56954,18.48763,3
21.28258,9.939071,3
18.3942,2.404695,3
22.97162,6.642152,3
31.31031,14.36153,3
31.31031,14.36153,3
31.31031,14.36153,3
31.31031,14.36153,3
31.31031,14.36153,3
31.31031,14.36153,3
33.87733,16.7379,3
27.73982,8.939963,3
27.73982,8.939963,3
27.73982,8.939963,3
27.73982,8.939963,3
14.05928,5.160436,3
0.4426266,1.398556,3
0.956125,-11.86659,3
13.90133,-5.8918,3
27.29767,0.2912121,3
31.33669,2.1554,3
31.33669,2.1554,3
16.71755,0.8986247,3
29.97547,6.059512,3
33.93981,7.590552,3
33.93981,7.590552,3
33.93981,7.590552,3
33.93981,7.590552,3
33.93981,7.590552,3
33.93981,7.590552,3
20.86082,2.182846,3
18.70132,1.289969,3
20.87458,10.47021,3
20.87458,10.47021,3
20.87458,10.47021,3
20.87458,10.47021,3
20.87458,10.47021,3
20.87458,10.47021,3
20.87458,10.47021,3
21.79887,14.37452,3
20.82436,10.25809,3
20.82436,10.25809,3
20.82436,10.25809,3
20.82436,10.25809,3
35.386,8.225309,3
39.39222,7.666054,3
39.39222,7.666054,3
39.39222,7.666054,3
39.39222,7.666054,3
39.39222,7.666054,3
39.39222,7.666054,3
39.39222,7.666054,3
26.16591,3.544588,3
27.91822,-9.296237,3
30.53337,-16.68213,3
30.53337,-16.68213,3
30.53337,-16.68213,3
30.53337,-16.68213,3
30.53337,-16.68213,3
30.53337,-16.68213,3
31.81172,-20.2925,3
17.44421,-20.18422,3
2.793255,-20.0738,3
-5.730278,-20.00957,3
-5.730278,-20.00957,3
-5.730278,-20.00957,3
-5.730278,-20.00957,3
-9.749127,-19.97929,3
1.776505,-11.26551,3
12.94049,-1.620232,3
23.87065,7.833596,3
29.93764,13.08112,3
29.93764,13.08112,3
29.93764,13.08112,3
29.93764,13.08112,3
29.93764,13.08112,3
19.69112,2.711446,3
24.10914,4.172527,3
38.04917,10.27146,3
41.34677,11.71421,3
41.34677,11.71421,3
41.34677,11.71421,3
41.34677,11.71421,3
41.34677,11.71421,3
44.50891,13.09767,3
40.10004,11.16876,3
40.10004,11.16876,3
40.10004,11.16876,3
40.10004,11.16876,3
33.72968,-1.555475,3
28.51644,-11.96844,3
26.62944,-15.73758,3
28.26503,-12.47062,3
28.26503,-12.47062,3
28.26503,-12.47062,3
28.26503,-12.47062,3
28.26503,-12.47062,3
28.26503,-12.47062,3
28.26503,-12.47062,3
20.00673,-1.633397,3
6.377724,1.785254,3
-8.452786,4.124883,3
-13.26132,4.883467,3
-13.26132,4.883467,3
-13.26132,4.883467,3
-13.26132,4.883467,3
-13.26132,4.883467,3
-16.68024,5.422829,3
-2.306589,3.589734,3
9.948259,-4.180517,3
22.25404,-12.04785,3
23.34553,2.378302,3
23.92368,10.8779,3
23.92368,10.8779,3
23.92368,10.8779,3
23.92368,10.8779,3
23.92368,10.8779,3
23.92368,10.8779,3
23.92368,10.8779,3
10.18294,6.553955,3
1.845682,-5.773187,3
-6.950296,-18.92568,3
-7.577534,-19.86358,3
-7.577534,-19.86358,3
-7.577534,-19.86358,3
-7.577534,-19.86358,3
-7.577534,-19.86358,3
-7.577534,-19.86358,3
-7.577534,-19.86358,3
4.328608,-10.15174,3
-6.802754,-16.33259,3
-9.083219,-17.60385,3
-9.083219,-17.60385,3
-9.083219,-17.60385,3
-9.083219,-17.60385,3
-5.616017,-15.67103,3
-5.616017,-15.67103,3
-9.146152,-17.63893,3
-9.146152,-17.63893,3
-9.146152,-17.63893,3
-9.146152,-17.63893,3
-9.146152,-17.63893,3
-9.146152,-17.63893,3
-9.146152,-17.63893,3
1.555566,-6.407286,3
11.57284,4.106023,3
16.86985,1.568717,3
26.35882,0.294577,3
34.65797,-0.8197976,3
34.65797,-0.8197976,3
34.65797,-0.8197976,3
34.65797,-0.8197976,3
34.65797,-0.8197976,3
34.65797,-0.8197976,3
37.99152,-1.267413,3
34.82419,-0.8421169,3
34.82419,-0.8421169,3
34.82419,-0.8421169,3
34.82419,-0.8421169,3
30.54488,-14.18359,3
29.19681,-18.38643,3
29.19681,-18.38643,3
33.10252,-9.127564,3
35.40533,-12.9626,3
35.40533,-12.9626,3
35.40533,-12.9626,3
35.40533,-12.9626,3
35.40533,-12.9626,3
35.40533,-12.9626,3
35.40533,-12.9626,3
24.14648,-3.930728,3
25.87653,1.118865,3
35.65815,1.970247,3
35.65815,1.970247,3
35.65815,1.970247,3
35.65815,1.970247,3
35.65815,1.970247,3
35.65815,1.970247,3
39.69072,2.321226,3
36.63266,2.055064,3
36.63266,2.055064,3
36.63266,2.055064,3
36.63266,2.055064,3
22.03327,0.9512329,3
21.67211,9.438901,3
23.45996,12.94187,3
23.45996,12.94187,3
23.45996,12.94187,3
23.45996,12.94187,3
23.45996,12.94187,3
23.45996,12.94187,3
25.41543,16.77328,3
15.04172,6.288486,3
4.878311,-3.983768,3
-5.665465,-14.64046,3
-6.955503,-15.94432,3
-6.955503,-15.94432,3
-6.955503,-15.94432,3
-6.955503,-15.94432,3
-6.955503,-15.94432,3
-6.955503,-15.94432,3
-8.628645,-17.63538,3
-8.317125,-17.32052,3
-5.889012,-14.8664,3
-5.889012,-14.8664,3
-5.889012,-14.8664,3
-5.889012,-14.8664,3
6.301248,-6.769977,3
-7.725354,-3.864043,3
-2.649686,0.4051449,3
1.654443,1.957157,3
16.14805,4.941683,3
29.59264,7.710195,3
29.59264,7.710195,3
29.59264,7.710195,3
29.59264,7.710195,3
29.59264,7.710195,3
29.59264,7.710195,3
29.59264,7.710195,3
18.59571,1.344816,3
10.34794,2.191748,3
-4.183773,3.683952,3
-16.41041,4.939457,3
-16.41041,4.939457,3
-16.41041,4.939457,3
-16.41041,4.939457,3
-16.41041,4.939457,3
-19.64835,5.271952,3
-16.20308,4.918166,3
-16.20308,4.918166,3
-16.20308,4.918166,3
-16.20308,4.918166,3
-3.549933,-2.043325,3
9.333268,-9.13139,3
23.21068,-14.24271,3
26.98501,-15.62758,3
26.98501,-15.62758,3
26.98501,-15.62758,3
26.98501,-15.62758,3
26.98501,-15.62758,3
26.98501,-15.62758,3
26.98501,-15.62758,3
20.18038,-3.034995,3
22.20923,3.374108,3
36.05853,7.520539,3
39.86079,8.658925,3
39.86079,8.658925,3
39.86079,8.658925,3
39.86079,8.658925,3
39.86079,8.658925,3
43.06531,9.618345,3
40.02535,8.708194,3
40.02535,8.708194,3
40.02535,8.708194,3
40.02535,8.708194,3
26.30281,3.905726,3
14.27331,-4.112545,3
0.2336629,-0.3997453,3
-14.13386,3.494228,3
-18.34577,4.635765,3
-13.85952,3.419873,3
-13.85952,3.419873,3
-13.85952,3.419873,3
-13.85952,3.419873,3
-13.85952,3.419873,3
-13.85952,3.419873,3
-13.85952,3.419873,3
-0.4236052,2.399355,3
13.65253,-1.633011,3
24.38282,-11.3189,3
33.16486,-19.24615,3
33.16486,-19.24615,3
33.16486,-19.24615,3
33.16486,-19.24615,3
33.16486,-19.24615,3
35.78847,-21.61439,3
32.99427,-19.09216,3
32.99427,-19.09216,3
32.99427,-19.09216,3
32.99427,-19.09216,3
34.60143,-4.595209,3
35.03805,-0.6568546,3
35.03805,-0.6568546,3
35.03805,-0.6568546,3
35.03805,-0.6568546,3
35.03805,-0.6568546,3
35.03805,-0.6568546,3
20.69176,-1.027144,3
6.881071,-7.470328,3
-6.167824,-13.60854,3
-6.930251,-13.96719,3
-6.930251,-13.96719,3
-6.930251,-13.96719,3
-6.930251,-13.96719,3
-6.930251,-13.96719,3
-6.930251,-13.96719,3
-6.930251,-13.96719,3
4.28616,-6.8685,3
16.7402,1.013466,3
29.37075,9.007142,3
40.84988,16.27211,3
40.84988,16.27211,3
40.84988,16.27211,3
40.84988,16.27211,3
40.84988,16.27211,3
40.84988,16.27211,3
44.62677,18.66244,3
44.62677,18.66244,3
44.62677,18.66244,3
44.62677,18.66244,3
32.54472,10.64801,3
34.35067,-3.679893,3
35.93851,-15.54066,3
35.93851,-15.54066,3
35.93851,-15.54066,3
35.93851,-15.54066,3
35.93851,-15.54066,3
35.93851,-15.54066,3
35.93851,-15.54066,3
26.09027,-6.459843,3
18.87632,0.1919678,3
4.685335,2.884905,3
-10.74445,5.812922,3
-15.93505,6.797912,3
-15.93505,6.797912,3
-15.93505,6.797912,3
-15.93505,6.797912,3
-15.93505,6.797912,3
-15.93505,6.797912,3
-19.97366,7.564292,3
-19.97366,7.564292,3
-19.97366,7.564292,3
-19.97366,7.564292,3
-17.38568,-0.7595004,3
-3.645239,-4.232403,3
10.46975,-7.799969,3
24.57705,-11.3656,3
34.31177,-13.82605,3
34.31177,-13.82605,3
34.31177,-13.82605,3
34.31177,-13.82605,3
34.31177,-13.82605,3
23.57345,-4.065807,3
10.26926,-1.23624,3
-3.862402,-4.5924,3
-13.79806,-6.952041,3
-9.983445,-5.587474,4
4.024009,-0.5767143,4
17.67717,4.307309,4
26.69031,7.531497,4
26.69031,7.531497,4
26.69031,7.531497,4
26.69031,7.531497,4
30.98622,9.068232,4
27.05723,7.662753,4
27.05723,7.662753,4
27.05723,7.662753,4
27.05723,7.662753,4
27.05723,7.662753,4
27.05723,7.662753,4
27.05723,7.662753,4
27.05723,7.662753,4
28.04531,8.016208,4
28.04531,8.016208,4
28.04531,8.016208,4
28.04531,8.016208,4
28.04531,8.016208,4
28.04531,8.016208,4
28.04531,8.016208,4
28.04531,8.016208,4
24.83085,6.86635,4
27.85067,7.946581,4
31.36204,9.202655,4
27.34619,7.766122,4
27.34619,7.766122,4
27.34619,7.766122,4
27.34619,7.766122,4
27.34619,7.766122,4
27.34619,7.766122,4
27.34619,7.766122,4
27.34619,7.766122,4
27.34619,7.766122,4
31.6743,9.314356,4
31.6743,9.314356,4
31.6743,9.314356,4
31.6743,9.314356,4
31.6743,9.314356,4
31.6743,9.314356,4
31.6743,9.314356,4
31.6743,9.314356,4
31.6743,9.314356,4
31.6743,9.314356,4
31.6743,9.314356,4
31.6743,9.314356,4
31.6743,9.314356,4
31.6743,9.314356,4
31.6743,9.314356,4
31.6743,9.314356,4
31.6743,9.314356,4
31.6743,9.314356,4
31.6743,9.314356,4
31.6743,9.314356,4
31.6743,9.314356,4
31.6743,9.314356,4
31.6743,9.314356,4
31.6743,9.314356,4
31.6743,9.314356,4
31.6743,9.314356,4
31.6743,9.314356,4
31.6743,9.314356,4
31.6743,9.314356,4
31.6743,9.314356,4
31.6743,9.314356,4
31.6743,9.314356,4
31.6743,9.314356,4
31.6743,9.314356,4
31.6743,9.314356,4
31.6743,9.314356,4
31.6743,9.314356,4
31.6743,9.314356,4
31.6743,9.314356,4
31.6743,9.314356,4
31.6743,9.314356,4
31.6743,9.314356,4
31.6743,9.314356,4
31.6743,9.314356,4
31.6743,9.314356,4
31.6743,9.314356,4
31.6743,9.314356,4
31.6743,9.314356,4
31.6743,9.314356,4
31.6743,9.314356,4
31.6743,9.314356,4
31.6743,9.314356,4
31.6743,9.314356,4
31.6743,9.314356,4
31.6743,9.314356,4
31.6743,9.314356,4
31.6743,9.314356,4
31.6743,9.314356,4
31.6743,9.314356,4
31.6743,9.314356,4
31.6743,9.314356,4
31.6743,9.314356,4
31.6743,9.314356,4
31.6743,9.314356,4
31.6743,9.314356,4
31.6743,9.314356,4
31.6743,9.314356,4
31.6743,9.314356,4
31.6743,9.314356,4
31.6743,9.314356,4
31.6743,9.314356,4
31.6743,9.314356,4
31.6743,9.314356,4
31.6743,9.314356,4
31.6743,9.314356,4
31.6743,9.314356,4
31.6743,9.314356,4
31.6743,9.314356,4
31.6743,9.314356,4
31.6743,9.314356,4
31.6743,9.314356,4
31.6743,9.314356,4
31.6743,9.314356,4
31.6743,9.314356,4
31.6743,9.314356,4
31.6743,9.314356,4
31.6743,9.314356,4
31.6743,9.314356,4
31.6743,9.314356,4
31.6743,9.314356,4
31.6743,9.314356,4
31.6743,9.314356,4
31.6743,9.314356,4
31.6743,9.314356,4
31.6743,9.314356,4
31.6743,9.314356,4
31.6743,9.314356,4
31.6743,9.314356,4
31.6743,9.314356,4
31.6743,9.314356,4
31.6743,9.314356,4
31.6743,9.314356,4
31.6743,9.314356,4
31.6743,9.314356,4
31.6743,9.314356,4
31.6743,9.314356,4
31.6743,9.314356,4
31.6743,9.314356,4
31.6743,9.314356,4
31.6743,9.314356,4
31.6743,9.314356,4
31.6743,9.314356,4
31.6743,9.314356,4
31.6743,9.314356,4
31.6743,9.314356,4
31.6743,9.314356,4
31.6743,9.314356,4
31.6743,9.314356,4
31.6743,9.314356,4
31.6743,9.314356,4
31.6743,9.314356,4
31.6743,9.314356,4
31.6743,9.314356,4
31.6743,9.314356,4
31.6743,9.314356,4
31.6743,9.314356,4
31.6743,9.314356,4
31.6743,9.314356,4
31.6743,9.314356,4
31.6743,9.314356,4
31.6743,9.314356,4
31.6743,9.314356,4
31.6743,9.314356,4
31.6743,9.314356,4
31.6743,9.314356,4
31.6743,9.314356,4
31.6743,9.314356,4
31.6743,9.314356,4
31.6743,9.314356,4
31.6743,9.314356,4
31.6743,9.314356,4
31.6743,9.314356,4
31.6743,9.314356,4
31.6743,9.314356,4
31.6743,9.314356,4
31.6743,9.314356,4
31.6743,9.314356,4
31.6743,9.314356,4
31.6743,9.314356,4
16.90078,7.977404,4
2.267121,6.653111,4
-12.35175,5.330154,4
-14.75206,5.112935,4
-14.75206,5.112935,4
-14.75206,5.112935,4
-14.75206,5.112935,4
-14.75206,5.112935,4
-15.05606,5.085423,4
-15.32288,5.061277,4
-15.32288,5.061277,4
-15.32288,5.061277,4
-15.32288,5.061277,4
-15.32288,5.061277,4
-15.32288,5.061277,4
-15.32288,5.061277,4
-15.32288,5.061277,4
-15.32288,5.061277,4
-1.439033,8.887323,4
12.726,12.79086,4
26.81663,16.67389,4
26.81663,16.67389,4
26.81663,16.67389,4
26.81663,16.67389,4
26.81663,16.67389,4
26.81663,16.67389,4
26.81663,16.67389,4
26.81663,16.67389,4
26.81663,16.67389,4
26.81663,16.67389,4
26.99157,16.7221,4
27.25867,16.7957,4
27.44681,16.84755,4
27.44681,16.84755,4
27.44681,16.84755,4
27.44681,16.84755,4
27.44681,16.84755,4
27.44681,16.84755,4
27.44681,16.84755,4
27.44681,16.84755,4
27.44681,16.84755,4
27.71505,16.92147,4
28.03949,17.01088,4
28.03949,17.01088,4
28.03949,17.01088,4
27.65658,16.90537,4
27.65658,16.90537,4
27.65658,16.90537,4
27.65658,16.90537,4
27.65658,16.90537,4
27.65658,16.90537,4
27.65658,16.90537,4
27.65658,16.90537,4
27.65658,16.90537,4
27.81958,16.95029,4
27.99661,16.99907,4
28.18229,17.05022,4
28.18229,17.05022,4
28.18229,17.05022,4
28.18229,17.05022,4
28.18229,17.05022,4
28.18229,17.05022,4
28.18229,17.05022,4
28.18229,17.05022,4
28.18229,17.05022,4
27.89589,16.97132,4
31.42828,3.099341,4
33.69806,-5.814276,4
32.34623,8.367772,4
32.13667,10.56626,4
32.10835,10.86338,4
32.0871,11.0862,4
32.0871,11.0862,4
32.0871,11.0862,4
32.0871,11.0862,4
32.0871,11.0862,4
32.0871,11.0862,4
32.0871,11.0862,4
32.0871,11.0862,4
32.07038,11.26166,4
32.05143,11.46049,4
32.05143,11.46049,4
32.05143,11.46049,4
32.05143,11.46049,4
32.05143,11.46049,4
32.05143,11.46049,4
32.05143,11.46049,4
32.05143,11.46049,4
32.05143,11.46049,4
32.02115,11.77811,4
31.98722,12.13407,4
32.02179,11.77148,4
32.02179,11.77148,4
31.97866,12.22389,4
31.97866,12.22389,4
31.97866,12.22389,4
31.97866,12.22389,4
31.97866,12.22389,4
31.97866,12.22389,4
31.97866,12.22389,4
31.97866,12.22389,4
31.97866,12.22389,4
31.99567,12.04542,4
32.01351,11.85824,4
31.99244,12.07936,4
31.99244,12.07936,4
31.99244,12.07936,4
31.99244,12.07936,4
31.99244,12.07936,4
31.99244,12.07936,4
31.99244,12.07936,4
31.99244,12.07936,4
31.99244,12.07936,4
32.01863,11.80448,4
31.98995,12.1054,4
33.50176,-2.264271,4
33.8524,-5.597113,4
39.31396,-15.72752,4
39.46642,-16.0103,4
39.46642,-16.0103,4
39.46642,-16.0103,4
39.46642,-16.0103,4
39.46642,-16.0103,4
39.46642,-16.0103,4
39.46642,-16.0103,4
39.46642,-16.0103,4
39.80179,-16.63236,4
39.88213,-16.78138,4
39.98256,-16.96764,4
39.98256,-16.96764,4
39.98256,-16.96764,4
39.98256,-16.96764,4
39.98256,-16.96764,4
39.98256,-16.96764,4
39.98256,-16.96764,4
39.98256,-16.96764,4
39.98256,-16.96764,4
40.10418,-17.19326,4
39.94272,-16.89375,4
39.94272,-16.89375,4
39.94272,-16.89375,4
40.14413,-17.26737,4
40.14413,-17.26737,4
40.14413,-17.26737,4
40.14413,-17.26737,4
40.14413,-17.26737,4
40.14413,-17.26737,4
40.14413,-17.26737,4
40.14413,-17.26737,4
40.14413,-17.26737,4
40.06303,-17.11692,4
39.82656,-16.67827,4
39.93449,-16.87848,4
39.93449,-16.87848,4
39.93449,-16.87848,4
39.93449,-16.87848,4
39.93449,-16.87848,4
39.93449,-16.87848,4
39.93449,-16.87848,4
39.93449,-16.87848,4
39.93449,-16.87848,4
40.05144,-17.09542,4
34.66778,-8.114048,4
34.66778,-8.114048,4
40.067,-2.048187,4
40.33904,-1.742568,4
41.03234,-0.9636661,4
40.88649,-1.127519,4
40.88649,-1.127519,4
40.88649,-1.127519,4
40.88649,-1.127519,4
40.88649,-1.127519,4
40.88649,-1.127519,4
40.88649,-1.127519,4
40.88649,-1.127519,4
41.02896,-0.9674688,4
40.86092,-1.15624,4
41.00317,-0.9964415,4
41.00317,-0.9964415,4
41.00317,-0.9964415,4
41.00317,-0.9964415,4
41.00317,-0.9964415,4
41.00317,-0.9964415,4
41.00317,-0.9964415,4
41.00317,-0.9964415,4
41.00317,-0.9964415,4
40.80802,-1.215773,4
41.15839,-0.8219767,4
41.15839,-0.8219767,4
41.15839,-0.8219767,4
41.15839,-0.8219767,4
41.0204,-0.9770671,4
41.0204,-0.9770671,4
41.0204,-0.9770671,4
41.0204,-0.9770671,4
41.0204,-0.9770671,4
41.0204,-0.9770671,4
41.0204,-0.9770671,4
41.0204,-0.9770671,4
40.89597,-1.116925,4
41.03757,-0.957779,4
40.85949,-1.157911,4
40.85949,-1.157911,4
40.85949,-1.157911,4
40.85949,-1.157911,4
40.85949,-1.157911,4
40.85949,-1.157911,4
40.85949,-1.157911,4
40.85949,-1.157911,4
40.85949,-1.157911,4
41.05199,-0.9415702,4
38.29069,-12.75624,4
38.29069,-12.75624,4
38.29069,-12.75624,4
38.29069,-12.75624,4
38.22807,-13.02418,4
38.22807,-13.02418,4
38.22807,-13.02418,4
38.22807,-13.02418,4
38.22807,-13.02418,4
38.22807,-13.02418,4
38.22807,-13.02418,4
38.22807,-13.02418,4
38.18565,-13.20569,4
38.07933,-13.66058,4
38.03994,-13.82911,4
38.03994,-13.82911,4
38.03994,-13.82911,4
38.03994,-13.82911,4
38.03994,-13.82911,4
38.03994,-13.82911,4
38.03994,-13.82911,4
38.03994,-13.82911,4
38.03994,-13.82911,4
37.97006,-14.12811,4
38.07115,-13.69557,4
37.96943,-14.13081,4
37.96943,-14.13081,4
37.96943,-14.13081,4
37.96943,-14.13081,4
37.96943,-14.13081,4
37.96943,-14.13081,4
37.96943,-14.13081,4
37.96943,-14.13081,4
37.96943,-14.13081,4
37.96943,-14.13081,4
38.00849,-13.96366,4
37.96778,-14.13788,4
38.18966,-13.18839,4
38.18966,-13.18839,4
38.18966,-13.18839,4
38.18966,-13.18839,4
38.18966,-13.18839,4
38.18966,-13.18839,4
38.18966,-13.18839,4
38.18966,-13.18839,4
38.18966,-13.18839,4
38.12567,-13.46219,4
23.81699,-14.67616,4
21.20574,-14.8977,4
21.20574,-14.8977,4
25.99346,-1.343046,4
29.52521,8.655787,4
29.52521,8.655787,4
29.52521,8.655787,4
29.52521,8.655787,4
29.52521,8.655787,4
29.52521,8.655787,4
29.52521,8.655787,4
29.52521,8.655787,4
29.58208,8.816791,4
29.64588,8.997437,4
29.71956,9.206032,4
29.71956,9.206032,4
29.71956,9.206032,4
29.71956,9.206032,4
29.71956,9.206032,4
29.71956,9.206032,4
29.71956,9.206032,4
29.71956,9.206032,4
29.71956,9.206032,4
29.81422,9.474034,4
33.32787,-4.354659,4
33.67546,-5.722712,4
20.21315,-10.34433,4
6.408521,-15.08346,4
-3.641654,-18.53368,4
-3.641654,-18.53368,4
-3.641654,-18.53368,4
-3.641654,-18.53368,4
-3.641654,-18.53368,4
-3.641654,-18.53368,4
-3.641654,-18.53368,4
-3.641654,-18.53368,4
-3.806633,-18.59032,4
-3.977375,-18.64893,4
-4.181107,-18.71887,4
-4.181107,-18.71887,4
-4.181107,-18.71887,4
-4.181107,-18.71887,4
-4.181107,-18.71887,4
-4.181107,-18.71887,4
-4.181107,-18.71887,4
-4.181107,-18.71887,4
-4.181107,-18.71887,4
-4.422132,-18.80162,4
-4.820621,-18.93842,4
-4.820621,-18.93842,4
-4.820621,-18.93842,4
-5.127,-19.0436,4
-5.127,-19.0436,4
-5.127,-19.0436,4
-5.127,-19.0436,4
-5.127,-19.0436,4
-5.127,-19.0436,4
-5.127,-19.0436,4
-5.127,-19.0436,4
-5.127,-19.0436,4
-4.971388,-18.99018,4
-5.137933,-19.04735,4
-4.942539,-18.98027,4
-4.942539,-18.98027,4
-4.942539,-18.98027,4
-4.942539,-18.98027,4
-4.942539,-18.98027,4
-4.942539,-18.98027,4
-4.942539,-18.98027,4
-4.942539,-18.98027,4
-4.942539,-18.98027,4
-5.170146,-19.05842,4
8.668832,-14.79813,4
22.46349,-10.55148,4
30.63334,1.400741,4
38.44912,13.58275,4
39.23917,14.81417,4
39.36715,15.01364,4
39.36715,15.01364,4
39.36715,15.01364,4
39.36715,15.01364,4
39.36715,15.01364,4
39.36715,15.01364,4
39.36715,15.01364,4
39.36715,15.01364,4
39.46873,15.17196,4
39.59468,15.36827,4
39.72009,15.56372,4
39.72009,15.56372,4
39.72009,15.56372,4
39.72009,15.56372,4
39.72009,15.56372,4
39.72009,15.56372,4
39.72009,15.56372,4
39.72009,15.56372,4
39.72009,15.56372,4
39.88352,15.81845,4
40.05051,16.07872,4
39.83598,15.74436,4
39.83598,15.74436,4
39.83598,15.74436,4
39.83598,15.74436,4
39.83598,15.74436,4
39.83598,15.74436,4
39.83598,15.74436,4
39.83598,15.74436,4
39.83598,15.74436,4
39.83598,15.74436,4
39.9225,15.87921,4
40.04454,16.06942,4
39.91782,15.87191,4
39.91782,15.87191,4
39.91782,15.87191,4
39.91782,15.87191,4
39.91782,15.87191,4
39.91782,15.87191,4
39.91782,15.87191,4
39.91782,15.87191,4
39.91782,15.87191,4
40.05863,16.09139,4
36.42345,2.236545,4
34.36015,-5.627377,4
38.16881,-1.008094,4
38.16881,-1.008094,4
38.16881,-1.008094,4
38.16881,-1.008094,4
38.16881,-1.008094,4
38.16881,-1.008094,4
38.16881,-1.008094,4
38.16881,-1.008094,4
38.16881,-1.008094,4
38.16881,-1.008094,4
38.2769,-0.8770019,4
38.38838,-0.7417901,4
38.5198,-0.582404,4
38.5198,-0.582404,4
38.5198,-0.582404,4
38.5198,-0.582404,4
38.5198,-0.582404,4
38.5198,-0.582404,4
38.5198,-0.582404,4
38.5198,-0.582404,4
38.5198,-0.582404,4
38.69758,-0.3667861,4
38.96547,-0.04187354,4
39.23558,0.285713,4
39.23558,0.285713,4
39.01053,0.01277202,4
39.01053,0.01277202,4
39.01053,0.01277202,4
39.01053,0.01277202,4
39.01053,0.01277202,4
39.01053,0.01277202,4
39.01053,0.01277202,4
39.01053,0.01277202,4
39.01053,0.01277202,4
38.90549,-0.1145994,4
39.03015,0.03656067,4
38.87083,-0.156631,4
38.87083,-0.156631,4
38.87083,-0.156631,4
38.87083,-0.156631,4
38.87083,-0.156631,4
38.87083,-0.156631,4
38.87083,-0.156631,4
38.87083,-0.156631,4
38.87083,-0.156631,4
39.04026,0.04881965,4
24.77125,-0.4728527,4
10.24335,-1.00399,4
-3.347471,4.2184,4
-11.69044,7.48695,4
-11.91882,7.576422,4
-12.13976,7.662979,4
-12.13976,7.662979,4
-12.13976,7.662979,4
-12.13976,7.662979,4
-12.13976,7.662979,4
-12.13976,7.662979,4
-12.13976,7.662979,4
-12.13976,7.662979,4
-12.30651,7.728307,4
-12.48511,7.79828,4
-12.6561,7.865269,4
-12.6561,7.865269,4
-12.6561,7.865269,4
-12.6561,7.865269,4
-12.6561,7.865269,4
-12.6561,7.865269,4
-12.6561,7.865269,4
-12.6561,7.865269,4
-12.6561,7.865269,4
-12.91321,7.965999,4
-13.19256,8.075441,4
-13.19256,8.075441,4
-12.86992,7.949036,4
-13.09031,8.035381,4
-13.09031,8.035381,4
-13.09031,8.035381,4
-13.09031,8.035381,4
-13.09031,8.035381,4
-13.09031,8.035381,4
-13.09031,8.035381,4
-13.09031,8.035381,4
-12.62469,7.852963,4
-12.85605,7.943604,4
-13.04142,8.016226,4
-13.04142,8.016226,4
-13.04142,8.016226,4
-13.04142,8.016226,4
-13.04142,8.016226,4
-13.04142,8.016226,4
-13.04142,8.016226,4
-13.04142,8.016226,4
-13.04142,8.016226,4
-12.80934,7.925306,4
-3.066485,16.10466,4
-3.066485,16.10466,4
-3.066485,16.10466,4
-10.62987,14.32279,4
-10.84925,14.27111,4
-11.04027,14.2261,4
-11.04027,14.2261,4
-11.04027,14.2261,4
-11.04027,14.2261,4
-11.04027,14.2261,4
-11.04027,14.2261,4
-11.04027,14.2261,4
-11.04027,14.2261,4
-11.21513,14.18491,4
-11.42345,14.13583,4
-11.42345,14.13583,4
-11.42345,14.13583,4
-11.42345,14.13583,4
-11.42345,14.13583,4
-11.42345,14.13583,4
-11.42345,14.13583,4
-11.42345,14.13583,4
-11.42345,14.13583,4
-11.65325,14.08169,4
-11.93326,14.01572,4
-9.616712,-0.128682,4
-8.225995,-8.620111,4
4.406528,-2.009527,4
17.30289,4.739121,4
30.21865,11.49792,4
34.404,13.68812,4
34.404,13.68812,4
34.404,13.68812,4
34.404,13.68812,4
34.404,13.68812,4
34.404,13.68812,4
34.404,13.68812,4
34.56661,13.77321,4
34.7414,13.86467,4
34.7414,13.86467,4
34.7414,13.86467,4
34.7414,13.86467,4
34.7414,13.86467,4
34.7414,13.86467,4
34.7414,13.86467,4
34.7414,13.86467,4
34.7414,13.86467,4
34.95388,13.97587,4
35.18425,14.09641,4
21.41809,11.28918,4
21.0905,11.22237,4
21.0905,11.22237,4
21.0905,11.22237,4
21.0905,11.22237,4
21.0905,11.22237,4
21.0905,11.22237,4
21.0905,11.22237,4
21.0905,11.22237,4
21.0905,11.22237,4
21.0905,11.22237,4
20.92861,11.18936,4
20.75311,11.15357,4
20.55187,11.11254,4
20.55187,11.11254,4
20.55187,11.11254,4
20.55187,11.11254,4
20.55187,11.11254,4
20.55187,11.11254,4
20.55187,11.11254,4
20.55187,11.11254,4
20.55187,11.11254,4
20.31442,11.06412,4
20.04633,11.00945,4
20.04633,11.00945,4
20.04633,11.00945,4
19.75323,10.94968,4
19.75323,10.94968,4
19.75323,10.94968,4
19.75323,10.94968,4
19.75323,10.94968,4
19.75323,10.94968,4
19.75323,10.94968,4
19.75323,10.94968,4
19.75323,10.94968,4
19.91828,10.98333,4
20.09823,11.02003,4
19.90333,10.98029,4
19.90333,10.98029,4
19.90333,10.98029,4
19.90333,10.98029,4
19.90333,10.98029,4
19.90333,10.98029,4
19.90333,10.98029,4
19.90333,10.98029,4
19.90333,10.98029,4
20.14792,11.03016,4
8.026713,3.340056,4
-4.205385,-4.420403,4
-11.81501,-9.248211,4
-11.81501,-9.248211,4
-11.81501,-9.248211,4
-12.04415,-9.393581,4
-12.04415,-9.393581,4
-12.04415,-9.393581,4
-12.04415,-9.393581,4
-12.04415,-9.393581,4
-12.04415,-9.393581,4
-12.04415,-9.393581,4
-12.04415,-9.393581,4
-12.20999,-9.498796,4
-12.38741,-9.611358,4
-12.5514,-9.715397,4
-12.5514,-9.715397,4
-12.5514,-9.715397,4
-12.5514,-9.715397,4
-12.5514,-9.715397,4
-12.5514,-9.715397,4
-12.5514,-9.715397,4
-12.5514,-9.715397,4
-12.5514,-9.715397,4
-12.78848,-9.865806,4
-13.0291,-10.01846,4
-13.0291,-10.01846,4
-12.75217,-9.842769,4
-12.75217,-9.842769,4
-12.75217,-9.842769,4
-12.75217,-9.842769,4
-12.75217,-9.842769,4
-12.75217,-9.842769,4
-12.75217,-9.842769,4
-12.75217,-9.842769,4
-12.75217,-9.842769,4
-12.89516,-9.933489,4
-13.04786,-10.03036,4
-12.86983,-9.917413,4
-12.86983,-9.917413,4
-12.86983,-9.917413,4
-12.86983,-9.917413,4
-12.86983,-9.917413,4
-12.86983,-9.917413,4
-12.86983,-9.917413,4
-12.86983,-9.917413,4
-12.86983,-9.917413,4
-13.07368,-10.04674,4
-16.3716,-3.287855,4
-16.3716,-3.287855,4
-3.265267,1.566895,4
10.39916,6.628372,4
23.93315,11.64153,4
31.68107,14.51146,4
31.68107,14.51146,4
31.68107,14.51146,4
31.68107,14.51146,4
31.68107,14.51146,4
31.68107,14.51146,4
31.68107,14.51146,4
31.83518,14.56854,4
31.9993,14.62933,4
32.18184,14.69694,4
32.18184,14.69694,4
32.18184,14.69694,4
32.18184,14.69694,4
32.18184,14.69694,4
32.18184,14.69694,4
32.18184,14.69694,4
32.18184,14.69694,4
32.18184,14.69694,4
32.42976,14.78878,4
32.68624,14.88378,4
32.68624,14.88378,4
32.68624,14.88378,4
32.99139,14.99681,4
32.99139,14.99681,4
32.99139,14.99681,4
32.99139,14.99681,4
32.99139,14.99681,4
32.99139,14.99681,4
32.99139,14.99681,4
32.99139,14.99681,4
32.99139,14.99681,4
33.14392,15.05332,4
32.98111,14.993,4
33.1746,15.06469,4
33.1746,15.06469,4
33.1746,15.06469,4
33.1746,15.06469,4
33.1746,15.06469,4
33.1746,15.06469,4
33.1746,15.06469,4
33.1746,15.06469,4
33.1746,15.06469,4
32.96761,14.988,4
33.63857,0.6974821,4
33.93044,-5.51881,4
38.06028,-1.023002,4
38.26622,-0.7988093,4
38.42081,-0.630519,4
38.56478,-0.4737947,4
38.56478,-0.4737947,4
38.56478,-0.4737947,4
38.56478,-0.4737947,4
38.56478,-0.4737947,4
38.56478,-0.4737947,4
38.56478,-0.4737947,4
38.56478,-0.4737947,4
38.6917,-0.3356235,4
38.89433,-0.1150364,4
38.89433,-0.1150364,4
38.89433,-0.1150364,4
38.89433,-0.1150364,4
38.89433,-0.1150364,4
38.89433,-0.1150364,4
38.89433,-0.1150364,4
38.89433,-0.1150364,4
38.89433,-0.1150364,4
39.06172,0.0671863,4
38.88758,-0.1223781,4
38.88758,-0.1223781,4
38.88758,-0.1223781,4
39.10727,0.1167736,4
39.10727,0.1167736,4
39.10727,0.1167736,4
39.10727,0.1167736,4
39.10727,0.1167736,4
39.10727,0.1167736,4
39.10727,0.1167736,4
39.10727,0.1167736,4
39.10727,0.1167736,4
38.99588,-0.004479192,4
39.11586,0.1260802,4
38.97309,-0.02927865,4
38.97309,-0.02927865,4
38.97309,-0.02927865,4
38.97309,-0.02927865,4
38.97309,-0.02927865,4
38.97309,-0.02927865,4
38.97309,-0.02927865,4
38.97309,-0.02927865,4
38.97309,-0.02927865,4
39.12966,0.1410999,4
24.86566,-0.4030092,4
10.36796,-0.9560328,4
22.48111,6.563811,4
31.81809,12.27683,4
32.00387,12.3905,4
32.14536,12.47708,4
32.14536,12.47708,4
32.14536,12.47708,4
32.14536,12.47708,4
32.14536,12.47708,4
32.14536,12.47708,4
32.14536,12.47708,4
32.14536,12.47708,4
32.29983,12.57159,4
32.47911,12.68129,4
32.47911,12.68129,4
32.47911,12.68129,4
32.47911,12.68129,4
32.47911,12.68129,4
32.47911,12.68129,4
32.47911,12.68129,4
32.47911,12.68129,4
32.47911,12.68129,4
32.68977,12.81018,4
32.90448,12.94156,4
33.13051,13.07985,4
33.13051,13.07985,4
32.86311,12.91625,4
32.86311,12.91625,4
32.86311,12.91625,4
32.86311,12.91625,4
32.86311,12.91625,4
32.86311,12.91625,4
32.86311,12.91625,4
32.86311,12.91625,4
32.86311,12.91625,4
33.01461,13.00894,4
32.86654,12.91835,4
33.11489,13.07029,4
33.11489,13.07029,4
33.11489,13.07029,4
33.11489,13.07029,4
33.11489,13.07029,4
33.11489,13.07029,4
33.11489,13.07029,4
33.11489,13.07029,4
33.11489,13.07029,4
32.92005,12.95109,4
33.70006,-1.458909,4
33.91983,-5.51906,4
36.27332,8.630897,4
36.75579,11.53174,4
36.75579,11.53174,4
36.75579,11.53174,4
36.75579,11.53174,4
36.75579,11.53174,4
36.75579,11.53174,4
36.75579,11.53174,4
36.75579,11.53174,4
36.75579,11.53174,4
36.7832,11.69652,4
36.81242,11.87218,4
36.85583,12.13318,4
36.85583,12.13318,4
36.85583,12.13318,4
36.85583,12.13318,4
36.85583,12.13318,4
36.85583,12.13318,4
36.85583,12.13318,4
36.85583,12.13318,4
36.85583,12.13318,4
36.89499,12.36864,4
36.93676,12.61976,4
36.93676,12.61976,4
36.93676,12.61976,4
36.98081,12.88464,4
36.98081,12.88464,4
36.98081,12.88464,4
36.98081,12.88464,4
36.98081,12.88464,4
36.98081,12.88464,4
36.98081,12.88464,4
36.98081,12.88464,4
36.98081,12.88464,4
37.00727,13.04372,4
36.96457,12.78695,4
36.99906,12.99435,4
36.99906,12.99435,4
36.99906,12.99435,4
36.99906,12.99435,4
36.99906,12.99435,4
36.99906,12.99435,4
36.99906,12.99435,4
36.99906,12.99435,4
36.99906,12.99435,4
37.03659,13.22045,4
36.99105,12.94611,4
23.18897,9.125337,4
9.135876,5.23508,4
20.50304,13.68798,4
23.86025,16.16057,4
23.97101,16.24215,4
23.97101,16.24215,4
23.97101,16.24215,4
23.97101,16.24215,4
23.97101,16.24215,4
23.97101,16.24215,4
23.97101,16.24215,4
23.97101,16.24215,4
24.11714,16.34977,4
24.29818,16.4831,4
11.73161,9.209299,4
-0.9254631,1.883112,4
-13.46265,-5.373681,4
-16.72581,-7.262468,4
-16.72581,-7.262468,4
-17.6552,-7.800423,4
-18.65848,-8.381143,4
-17.58737,-7.761162,4
-17.58737,-7.761162,4
-17.58737,-7.761162,4
-17.58737,-7.761162,4
-17.58737,-7.761162,4
-17.58737,-7.761162,4
-17.58737,-7.761162,4
-18.09391,-8.054359,4
-18.09391,-8.054359,4
-18.09391,-8.054359,4
-18.09391,-8.054359,4
-18.09391,-8.054359,4
-18.09391,-8.054359,4
-18.09391,-8.054359,4
-18.09391,-8.054359,4
-16.29576,-7.013547,4
-18.7981,-8.461957,4
-18.32826,-8.190001,4
-18.32826,-8.190001,4
-18.32826,-8.190001,4
-18.32826,-8.190001,4
-18.32826,-8.190001,4
-18.32826,-8.190001,4
-18.32826,-8.190001,4
-18.32826,-8.190001,4
-18.32826,-8.190001,4
-15.55564,-6.585157,4
-15.55564,-6.585157,4
-15.55564,-6.585157,4
-15.55564,-6.585157,4
-15.55564,-6.585157,4
-15.55564,-6.585157,4
-15.55564,-6.585157,4
-15.55564,-6.585157,4
-15.55564,-6.585157,4
-15.55564,-6.585157,4
-15.55564,-6.585157,4
-15.55564,-6.585157,4
-15.55564,-6.585157,4
-15.55564,-6.585157,4
-15.55564,-6.585157,4
-15.55564,-6.585157,4
-15.55564,-6.585157,4
-15.55564,-6.585157,4
-15.55564,-6.585157,4
-15.55564,-6.585157,4
-15.55564,-6.585157,4
-15.55564,-6.585157,4
-15.55564,-6.585157,4
-15.55564,-6.585157,4
-15.55564,-6.585157,4
-15.55564,-6.585157,4
-15.55564,-6.585157,4
-15.55564,-6.585157,4
-15.55564,-6.585157,4
-15.55564,-6.585157,4
-15.55564,-6.585157,4
-15.55564,-6.585157,4
-15.55564,-6.585157,4
-15.55564,-6.585157,4
-15.55564,-6.585157,4
-15.55564,-6.585157,4
-15.55564,-6.585157,4
-15.55564,-6.585157,4
-15.55564,-6.585157,4
-15.55564,-6.585157,4
-15.55564,-6.585157,4
-15.55564,-6.585157,4
-15.55564,-6.585157,4
-15.55564,-6.585157,4
-15.55564,-6.585157,4
-15.55564,-6.585157,4
-15.55564,-6.585157,4
-15.55564,-6.585157,4
-15.55564,-6.585157,4
-15.55564,-6.585157,4
-15.55564,-6.585157,4
-15.55564,-6.585157,4
-15.55564,-6.585157,4
-15.55564,-6.585157,4
-15.55564,-6.585157,4
-15.55564,-6.585157,4
-15.55564,-6.585157,4
-15.55564,-6.585157,4
-15.55564,-6.585157,4
-15.55564,-6.585157,4
-15.55564,-6.585157,4
-15.55564,-6.585157,4
-15.55564,-6.585157,4
-15.55564,-6.585157,4
-15.55564,-6.585157,4
-15.55564,-6.585157,4
-15.55564,-6.585157,4
-15.55564,-6.585157,4
-15.55564,-6.585157,4
-15.55564,-6.585157,4
-15.55564,-6.585157,4
-15.55564,-6.585157,4
-15.55564,-6.585157,4
-15.55564,-6.585157,4
-15.55564,-6.585157,4
-15.55564,-6.585157,4
-15.55564,-6.585157,4
-15.55564,-6.585157,4
-15.55564,-6.585157,4
-15.55564,-6.585157,4
-15.55564,-6.585157,4
-15.55564,-6.585157,4
-15.55564,-6.585157,4
-15.55564,-6.585157,4
-15.55564,-6.585157,4
-15.55564,-6.585157,4
-15.55564,-6.585157,4
-15.55564,-6.585157,4
-15.55564,-6.585157,4
-15.55564,-6.585157,4
-15.55564,-6.585157,4
-15.55564,-6.585157,4
-15.55564,-6.585157,4
-15.55564,-6.585157,4
-15.55564,-6.585157,4
-15.55564,-6.585157,4
-15.55564,-6.585157,4
-15.55564,-6.585157,4
-15.55564,-6.585157,4
-15.55564,-6.585157,4
-15.55564,-6.585157,4
-15.55564,-6.585157,4
-15.55564,-6.585157,4
-15.55564,-6.585157,4
-15.55564,-6.585157,4
-15.55564,-6.585157,4
-15.55564,-6.585157,4
-15.55564,-6.585157,4
-15.55564,-6.585157,4
-15.55564,-6.585157,4
-15.55564,-6.585157,4
-15.55564,-6.585157,4
-15.55564,-6.585157,4
-15.55564,-6.585157,4
-15.55564,-6.585157,4
-15.55564,-6.585157,4
-15.55564,-6.585157,4
-15.55564,-6.585157,4
-15.55564,-6.585157,4
-15.55564,-6.585157,4
-15.55564,-6.585157,4
-15.55564,-6.585157,4
-15.55564,-6.585157,4
-15.55564,-6.585157,4
-15.55564,-6.585157,4
-15.55564,-6.585157,4
-15.55564,-6.585157,4
-15.55564,-6.585157,4
-15.55564,-6.585157,4
-15.55564,-6.585157,4
-15.55564,-6.585157,4
-15.55564,-6.585157,4
-15.55564,-6.585157,4
-15.55564,-6.585157,4
-15.55564,-6.585157,4
-15.55564,-6.585157,4
-15.55564,-6.585157,4
-15.55564,-6.585157,4
-15.55564,-6.585157,4
-15.55564,-6.585157,4
-15.55564,-6.585157,4
-15.55564,-6.585157,4
-15.55564,-6.585157,4
-15.55564,-6.585157,4
-15.55564,-6.585157,4
-15.55564,-6.585157,4
-15.55564,-6.585157,4
-15.55564,-6.585157,4
-15.55564,-6.585157,4
-15.55564,-6.585157,4
-15.55564,-6.585157,4
-15.55564,-6.585157,4
-15.55564,-6.585157,4
-15.55564,-6.585157,4
-15.55564,-6.585157,4
-15.55564,-6.585157,4
-15.55564,-6.585157,4
-15.55564,-6.585157,4
-15.55564,-6.585157,4
-15.55564,-6.585157,4
-15.55564,-6.585157,4
-15.55564,-6.585157,4
-15.55564,-6.585157,4
-15.55564,-6.585157,4
-15.55564,-6.585157,4
-15.55564,-6.585157,4
-15.55564,-6.585157,4
-15.55564,-6.585157,4
-15.55564,-6.585157,4
-15.55564,-6.585157,4
-15.55564,-6.585157,4
-15.55564,-6.585157,4
-15.55564,-6.585157,4
-15.55564,-6.585157,4
-15.55564,-6.585157,4
-15.55564,-6.585157,4
-15.55564,-6.585157,4
-15.55564,-6.585157,4
-15.55564,-6.585157,4
-15.55564,-6.585157,4
-15.55564,-6.585157,4
-15.55564,-6.585157,4
-15.55564,-6.585157,4
-15.55564,-6.585157,4
-15.55564,-6.585157,4
-15.55564,-6.585157,4
-15.55564,-6.585157,4
-15.55564,-6.585157,4
-15.55564,-6.585157,4
-15.55564,-6.585157,4
-15.55564,-6.585157,4
-15.55564,-6.585157,4
-15.55564,-6.585157,4
-15.55564,-6.585157,4
-15.55564,-6.585157,4
-15.55564,-6.585157,4
-15.55564,-6.585157,4
-15.55564,-6.585157,4
-15.55564,-6.585157,4
-15.55564,-6.585157,4
-15.55564,-6.585157,4
-15.55564,-6.585157,4
-15.55564,-6.585157,4
-15.55564,-6.585157,4
-15.55564,-6.585157,4
-15.55564,-6.585157,4
-15.55564,-6.585157,4
-15.55564,-6.585157,4
-15.55564,-6.585157,4
-15.55564,-6.585157,4
-15.55564,-6.585157,4
-15.55564,-6.585157,4
-15.55564,-6.585157,4
-15.55564,-6.585157,4
-15.55564,-6.585157,4
-15.55564,-6.585157,4
-15.55564,-6.585157,4
-15.55564,-6.585157,4
-15.55564,-6.585157,4
-15.55564,-6.585157,4
-15.55564,-6.585157,4
-15.55564,-6.585157,4
-15.55564,-6.585157,4
-15.55564,-6.585157,4
-15.55564,-6.585157,4
-15.55564,-6.585157,4
-15.55564,-6.585157,4
-15.55564,-6.585157,4
-15.55564,-6.585157,4
-15.55564,-6.585157,4
-15.55564,-6.585157,4
-15.55564,-6.585157,4
-15.55564,-6.585157,4
-15.55564,-6.585157,4
-15.55564,-6.585157,4
-15.55564,-6.585157,4
-15.55564,-6.585157,4
-15.55564,-6.585157,4
-15.55564,-6.585157,4
-15.55564,-6.585157,4
-15.55564,-6.585157,4
-15.55564,-6.585157,4
-15.55564,-6.585157,4
-15.55564,-6.585157,4
-15.55564,-6.585157,4
-15.55564,-6.585157,4
-15.55564,-6.585157,4
-15.55564,-6.585157,4
-15.55564,-6.585157,4
-15.55564,-6.585157,4
-15.55564,-6.585157,4
-15.55564,-6.585157,4
-15.55564,-6.585157,4
-15.55564,-6.585157,4
-15.55564,-6.585157,4
-15.55564,-6.585157,4
-15.55564,-6.585157,4
-15.55564,-6.585157,4
-15.55564,-6.585157,4
-15.55564,-6.585157,4
-15.55564,-6.585157,4
-15.55564,-6.585157,4
-15.55564,-6.585157,4
-15.55564,-6.585157,4
-15.55564,-6.585157,4
-15.55564,-6.585157,4
-15.55564,-6.585157,4
-15.55564,-6.585157,4
-15.55564,-6.585157,4
-15.55564,-6.585157,4
-15.55564,-6.585157,4
-15.55564,-6.585157,4
-15.55564,-6.585157,4
-15.55564,-6.585157,4
-15.55564,-6.585157,4
-15.55564,-6.585157,4
-15.55564,-6.585157,4
-15.55564,-6.585157,4
-15.55564,-6.585157,4
-15.55564,-6.585157,4
-15.55564,-6.585157,4
-15.55564,-6.585157,4
-15.55564,-6.585157,4
-15.55564,-6.585157,4
-15.55564,-6.585157,4
-15.55564,-6.585157,4
-15.55564,-6.585157,4
-15.55564,-6.585157,4
-15.55564,-6.585157,4
-15.55564,-6.585157,4
-15.55564,-6.585157,4
-15.55564,-6.585157,4
-15.55564,-6.585157,4
-15.55564,-6.585157,4
-15.55564,-6.585157,4
-15.55564,-6.585157,4
-15.55564,-6.585157,4
-15.55564,-6.585157,4
-15.55564,-6.585157,4
-15.55564,-6.585157,4
-15.55564,-6.585157,4
-15.55564,-6.585157,4
-15.55564,-6.585157,4
-15.55564,-6.585157,4
-15.55564,-6.585157,4
-15.55564,-6.585157,4
-15.55564,-6.585157,4
-15.55564,-6.585157,4
-15.55564,-6.585157,4
-15.55564,-6.585157,4
-15.55564,-6.585157,4
-15.55564,-6.585157,4
-15.55564,-6.585157,4
-15.55564,-6.585157,4
-15.55564,-6.585157,4
-15.55564,-6.585157,4
-15.55564,-6.585157,4
-15.55564,-6.585157,4
-15.55564,-6.585157,4
-15.55564,-6.585157,4
-15.55564,-6.585157,4
-15.55564,-6.585157,4
-15.55564,-6.585157,4
-15.55564,-6.585157,4
-15.55564,-6.585157,4
-15.55564,-6.585157,4
-15.55564,-6.585157,4
-15.55564,-6.585157,4
-15.55564,-6.585157,4
-15.55564,-6.585157,4
-15.55564,-6.585157,4
-15.55564,-6.585157,4
-15.55564,-6.585157,4
-15.55564,-6.585157,4
-15.55564,-6.585157,4
-15.55564,-6.585157,4
-15.55564,-6.585157,4
-15.55564,-6.585157,4
-15.55564,-6.585157,4
-15.55564,-6.585157,4
-15.55564,-6.585157,4
-15.55564,-6.585157,4
-15.55564,-6.585157,4
-15.55564,-6.585157,4
-15.55564,-6.585157,4
-15.55564,-6.585157,4
-15.55564,-6.585157,4
-15.55564,-6.585157,4
-15.55564,-6.585157,4
-15.55564,-6.585157,4
-15.55564,-6.585157,4
-15.55564,-6.585157,4
-15.55564,-6.585157,4
-15.55564,-6.585157,4
-15.55564,-6.585157,4
-15.55564,-6.585157,4
-15.55564,-6.585157,4
-15.55564,-6.585157,4
-15.55564,-6.585157,4
-15.55564,-6.585157,4
-15.55564,-6.585157,4
-15.55564,-6.585157,4
-15.55564,-6.585157,4
-15.55564,-6.585157,4
-15.55564,-6.585157,4
-15.55564,-6.585157,4
-15.55564,-6.585157,4
-15.55564,-6.585157,4
-15.55564,-6.585157,4
-15.55564,-6.585157,4
-15.55564,-6.585157,4
-15.55564,-6.585157,4
-15.55564,-6.585157,4
-15.55564,-6.585157,4
-15.55564,-6.585157,4
-15.55564,-6.585157,4
-15.55564,-6.585157,4
-15.55564,-6.585157,4
-15.55564,-6.585157,4
-15.55564,-6.585157,4
-15.55564,-6.585157,4
-15.55564,-6.585157,4
-15.55564,-6.585157,4
-15.55564,-6.585157,4
-15.55564,-6.585157,4
-15.55564,-6.585157,4
-15.55564,-6.585157,4
-15.55564,-6.585157,4
-15.55564,-6.585157,4
-15.55564,-6.585157,4
-15.55564,-6.585157,4
-15.55564,-6.585157,4
-15.55564,-6.585157,4
-15.55564,-6.585157,4
-15.55564,-6.585157,4
-15.55564,-6.585157,4
-15.55564,-6.585157,4
-15.55564,-6.585157,4
-15.55564,-6.585157,4
-15.55564,-6.585157,4
-15.55564,-6.585157,4
-15.55564,-6.585157,4
-15.55564,-6.585157,4
-15.55564,-6.585157,4
-15.55564,-6.585157,4
-15.55564,-6.585157,4
-15.55564,-6.585157,4
-15.55564,-6.585157,4
-15.55564,-6.585157,4
-15.55564,-6.585157,4
-15.55564,-6.585157,4
-15.55564,-6.585157,4
-15.55564,-6.585157,4
-15.55564,-6.585157,4
-15.55564,-6.585157,4
-15.55564,-6.585157,4
-15.55564,-6.585157,4
-15.55564,-6.585157,4
-15.55564,-6.585157,4
-15.55564,-6.585157,4
-15.55564,-6.585157,4
-15.55564,-6.585157,4
-15.55564,-6.585157,4
-15.55564,-6.585157,4
-15.55564,-6.585157,4
-15.55564,-6.585157,4
-15.55564,-6.585157,4
-15.55564,-6.585157,4
-15.55564,-6.585157,4
-15.55564,-6.585157,4
-15.55564,-6.585157,4
-15.55564,-6.585157,4
-15.55564,-6.585157,4
-15.55564,-6.585157,4
-15.55564,-6.585157,4
-15.55564,-6.585157,4
-15.55564,-6.585157,4
-15.55564,-6.585157,4
-15.55564,-6.585157,4
-15.55564,-6.585157,4
-15.55564,-6.585157,4
-15.55564,-6.585157,4
-15.55564,-6.585157,4
-15.55564,-6.585157,4
-15.55564,-6.585157,4
-15.55564,-6.585157,4
-15.55564,-6.585157,4
-15.55564,-6.585157,4
-15.55564,-6.585157,4
-15.55564,-6.585157,4
-15.55564,-6.585157,4
-15.55564,-6.585157,4
-15.55564,-6.585157,4
-15.55564,-6.585157,4
-15.55564,-6.585157,4
-15.55564,-6.585157,4
-15.55564,-6.585157,4
-15.55564,-6.585157,4
-15.55564,-6.585157,4
-15.55564,-6.585157,4
-15.55564,-6.585157,4
-15.55564,-6.585157,4
-15.55564,-6.585157,4
-15.55564,-6.585157,4
-15.55564,-6.585157,4
-15.55564,-6.585157,4
-15.55564,-6.585157,4
-15.55564,-6.585157,4
-15.55564,-6.585157,4
-15.55564,-6.585157,4
-15.55564,-6.585157,4
-15.55564,-6.585157,4
-15.55564,-6.585157,4
-15.55564,-6.585157,4
-15.55564,-6.585157,4
-15.55564,-6.585157,4
-15.55564,-6.585157,4
-15.55564,-6.585157,4
-15.55564,-6.585157,4
-15.55564,-6.585157,4
-15.55564,-6.585157,4
-15.55564,-6.585157,4
-15.55564,-6.585157,4
-15.55564,-6.585157,4
-15.55564,-6.585157,4
-15.55564,-6.585157,4
-15.55564,-6.585157,4
-15.55564,-6.585157,4
-15.55564,-6.585157,4
-15.55564,-6.585157,4
-15.55564,-6.585157,4
-15.55564,-6.585157,4
-15.55564,-6.585157,4
-15.55564,-6.585157,4
-15.55564,-6.585157,4
-15.55564,-6.585157,4
-15.55564,-6.585157,4
-15.55564,-6.585157,4
-15.55564,-6.585157,4
-15.55564,-6.585157,4
-15.55564,-6.585157,4
-15.55564,-6.585157,4
-15.55564,-6.585157,4
-15.55564,-6.585157,4
-15.55564,-6.585157,4
-15.55564,-6.585157,4
-15.55564,-6.585157,4
-15.55564,-6.585157,4
-15.55564,-6.585157,4
-15.55564,-6.585157,4
-15.55564,-6.585157,4
-15.55564,-6.585157,4
-15.55564,-6.585157,4
-15.55564,-6.585157,4
-15.55564,-6.585157,4
-15.55564,-6.585157,4
-15.55564,-6.585157,4
-15.55564,-6.585157,4
-15.55564,-6.585157,4
-15.55564,-6.585157,4
-15.55564,-6.585157,4
-15.55564,-6.585157,4
-15.55564,-6.585157,4
-15.55564,-6.585157,4
-15.55564,-6.585157,4
-15.55564,-6.585157,4
-15.55564,-6.585157,4
-15.55564,-6.585157,4
-15.55564,-6.585157,4
-15.55564,-6.585157,4
-15.55564,-6.585157,4
-15.55564,-6.585157,4
-15.55564,-6.585157,4
-15.55564,-6.585157,4
-15.55564,-6.585157,4
-15.55564,-6.585157,4
-15.55564,-6.585157,4
-15.55564,-6.585157,4
-15.55564,-6.585157,4
-15.55564,-6.585157,4
-15.55564,-6.585157,4
-15.55564,-6.585157,4
-15.55564,-6.585157,4
-15.55564,-6.585157,4
-15.55564,-6.585157,4
-15.55564,-6.585157,4
-15.55564,-6.585157,4
-15.55564,-6.585157,4
-15.55564,-6.585157,4
-15.55564,-6.585157,4
-15.55564,-6.585157,4
-15.55564,-6.585157,4
-15.55564,-6.585157,4
-15.55564,-6.585157,4
-15.55564,-6.585157,4
-15.55564,-6.585157,4
-15.55564,-6.585157,4
-15.55564,-6.585157,4
-15.55564,-6.585157,4
-15.55564,-6.585157,4
-15.55564,-6.585157,4
-15.55564,-6.585157,4
-15.55564,-6.585157,4
-15.55564,-6.585157,4
-15.55564,-6.585157,4
-15.55564,-6.585157,4
-15.55564,-6.585157,4
-15.55564,-6.585157,4
-15.55564,-6.585157,4
-15.55564,-6.585157,4
-15.55564,-6.585157,4
-15.55564,-6.585157,4
-15.55564,-6.585157,4
-15.55564,-6.585157,4
-15.55564,-6.585157,4
-15.55564,-6.585157,4
-15.55564,-6.585157,4
-15.55564,-6.585157,4
-15.55564,-6.585157,4
-15.55564,-6.585157,4
-15.55564,-6.585157,4
-15.55564,-6.585157,4
-15.55564,-6.585157,4
-15.55564,-6.585157,4
-15.55564,-6.585157,4
-15.55564,-6.585157,4
-15.55564,-6.585157,4
-15.55564,-6.585157,4
-15.55564,-6.585157,4
-15.55564,-6.585157,4
-15.55564,-6.585157,4
-15.55564,-6.585157,4
-15.55564,-6.585157,4
-15.55564,-6.585157,4
-15.55564,-6.585157,4
-15.55564,-6.585157,4
-15.55564,-6.585157,4
-15.55564,-6.585157,4
-15.55564,-6.585157,4
-15.55564,-6.585157,4
-15.55564,-6.585157,4
-15.55564,-6.585157,4
-15.55564,-6.585157,4
-15.55564,-6.585157,4
-15.55564,-6.585157,4
-15.55564,-6.585157,4
-15.55564,-6.585157,4
-15.55564,-6.585157,4
-15.55564,-6.585157,4
-15.55564,-6.585157,4
-15.55564,-6.585157,4
-15.55564,-6.585157,4
-15.55564,-6.585157,4
-15.55564,-6.585157,4
-15.55564,-6.585157,4
-15.55564,-6.585157,4
-15.55564,-6.585157,4
-15.55564,-6.585157,4
-15.55564,-6.585157,4
-15.55564,-6.585157,4
-15.55564,-6.585157,4
-15.55564,-6.585157,4
-15.55564,-6.585157,4
-15.55564,-6.585157,4
-15.55564,-6.585157,4
-15.55564,-6.585157,4
-15.55564,-6.585157,4
-15.55564,-6.585157,4
-15.55564,-6.585157,4
-15.55564,-6.585157,4
-15.55564,-6.585157,4
-15.55564,-6.585157,4
-15.55564,-6.585157,4
-15.55564,-6.585157,4
-15.55564,-6.585157,4
-15.55564,-6.585157,4
-15.55564,-6.585157,4
-15.55564,-6.585157,4
-15.55564,-6.585157,4
-15.55564,-6.585157,4
-15.55564,-6.585157,4
-15.55564,-6.585157,4
-15.55564,-6.585157,4
-15.55564,-6.585157,4
-15.55564,-6.585157,4
-15.55564,-6.585157,4
-15.55564,-6.585157,4
-15.55564,-6.585157,4
-15.55564,-6.585157,4
-15.55564,-6.585157,4
-15.55564,-6.585157,4
-15.55564,-6.585157,4
-15.55564,-6.585157,4
-15.55564,-6.585157,4
-15.55564,-6.585157,4
-15.55564,-6.585157,4
-15.55564,-6.585157,4
-15.55564,-6.585157,4
-15.55564,-6.585157,4
-15.55564,-6.585157,4
-15.55564,-6.585157,4
-15.55564,-6.585157,4
-15.55564,-6.585157,4
-15.55564,-6.585157,4
-15.55564,-6.585157,4
-15.55564,-6.585157,4
-15.55564,-6.585157,4
-15.55564,-6.585157,4
-15.55564,-6.585157,4
-15.55564,-6.585157,4
-15.55564,-6.585157,4
-15.55564,-6.585157,4
-15.55564,-6.585157,4
-15.55564,-6.585157,4
-15.55564,-6.585157,4
-15.55564,-6.585157,4
-15.55564,-6.585157,4
-15.55564,-6.585157,4
-15.55564,-6.585157,4
-15.55564,-6.585157,4
-15.55564,-6.585157,4
-15.55564,-6.585157,4
-15.55564,-6.585157,4
-15.55564,-6.585157,4
-15.55564,-6.585157,4
-15.55564,-6.585157,4
-15.55564,-6.585157,4
-15.55564,-6.585157,4
-15.55564,-6.585157,4
-15.55564,-6.585157,4
-15.55564,-6.585157,4
-15.55564,-6.585157,4
-15.55564,-6.585157,4
-15.55564,-6.585157,4
-15.55564,-6.585157,4
-15.55564,-6.585157,4
-15.55564,-6.585157,4
-15.55564,-6.585157,4
-15.55564,-6.585157,4
-15.55564,-6.585157,4
-15.55564,-6.585157,4
-15.55564,-6.585157,4
-15.55564,-6.585157,4
-15.55564,-6.585157,4
-15.55564,-6.585157,4
-15.55564,-6.585157,4
-15.55564,-6.585157,4
-15.55564,-6.585157,4
-15.55564,-6.585157,4
-15.55564,-6.585157,4
-15.55564,-6.585157,4
-15.55564,-6.585157,4
-15.55564,-6.585157,4
-15.55564,-6.585157,4
-15.55564,-6.585157,4
-15.55564,-6.585157,4
-15.55564,-6.585157,4
-15.55564,-6.585157,4
-15.55564,-6.585157,4
-15.55564,-6.585157,4
-15.55564,-6.585157,4
-15.55564,-6.585157,4
-15.55564,-6.585157,4
-15.55564,-6.585157,4
-15.55564,-6.585157,4
-15.55564,-6.585157,4
-15.55564,-6.585157,4
-15.55564,-6.585157,4
-15.55564,-6.585157,4
-15.55564,-6.585157,4
-15.55564,-6.585157,4
-15.55564,-6.585157,4
-15.55564,-6.585157,4
-15.55564,-6.585157,4
-15.55564,-6.585157,4
-15.55564,-6.585157,4
-15.55564,-6.585157,4
-15.55564,-6.585157,4
-15.55564,-6.585157,4
-15.55564,-6.585157,4
-15.55564,-6.585157,4
-15.55564,-6.585157,4
-15.55564,-6.585157,4
-15.55564,-6.585157,4
-15.55564,-6.585157,4
-15.55564,-6.585157,4
-15.55564,-6.585157,4
-15.55564,-6.585157,4
-15.55564,-6.585157,4
-15.55564,-6.585157,4
-15.55564,-6.585157,4
-15.55564,-6.585157,4
-15.55564,-6.585157,4
-15.55564,-6.585157,4
-15.55564,-6.585157,4
-15.55564,-6.585157,4
-15.55564,-6.585157,4
-15.55564,-6.585157,4
-15.55564,-6.585157,4
-15.55564,-6.585157,4
-15.55564,-6.585157,4
-15.55564,-6.585157,4
-15.55564,-6.585157,4
-15.55564,-6.585157,4
-15.55564,-6.585157,4
-15.55564,-6.585157,4
-15.55564,-6.585157,4
-15.55564,-6.585157,4
-15.55564,-6.585157,4
-15.55564,-6.585157,4
-15.55564,-6.585157,4
-15.55564,-6.585157,4
-15.55564,-6.585157,4
-15.55564,-6.585157,4
-15.55564,-6.585157,4
-15.55564,-6.585157,4
-15.55564,-6.585157,4
-15.55564,-6.585157,4
-15.55564,-6.585157,4
-15.55564,-6.585157,4
-15.55564,-6.585157,4
-15.55564,-6.585157,4
-15.55564,-6.585157,4
-15.55564,-6.585157,4
-15.55564,-6.585157,4
-15.55564,-6.585157,4
-15.55564,-6.585157,4
-15.55564,-6.585157,4
-15.55564,-6.585157,4
-15.55564,-6.585157,4
-15.55564,-6.585157,4
-15.55564,-6.585157,4
-15.55564,-6.585157,4
-15.55564,-6.585157,4
-15.55564,-6.585157,4
-15.55564,-6.585157,4
-15.55564,-6.585157,4
-15.55564,-6.585157,4
-15.55564,-6.585157,4
-15.55564,-6.585157,4
-15.55564,-6.585157,4
-15.55564,-6.585157,4
-15.55564,-6.585157,4
-15.55564,-6.585157,4
-15.55564,-6.585157,4
-15.55564,-6.585157,4
-15.55564,-6.585157,4
-15.55564,-6.585157,4
-15.55564,-6.585157,4
-15.55564,-6.585157,4
-15.55564,-6.585157,4
-15.55564,-6.585157,4
-15.55564,-6.585157,4
-15.55564,-6.585157,4
-15.55564,-6.585157,4
-15.55564,-6.585157,4
-15.55564,-6.585157,4
-15.55564,-6.585157,4
-15.55564,-6.585157,4
-15.55564,-6.585157,4
-15.55564,-6.585157,4
-15.55564,-6.585157,4
-15.55564,-6.585157,4
-15.55564,-6.585157,4
-15.55564,-6.585157,4
-15.55564,-6.585157,4
-15.55564,-6.585157,4
-15.55564,-6.585157,4
-15.55564,-6.585157,4
-15.55564,-6.585157,4
-15.55564,-6.585157,4
-15.55564,-6.585157,4
-15.55564,-6.585157,4
-15.55564,-6.585157,4
-15.55564,-6.585157,4
-15.55564,-6.585157,4
-15.55564,-6.585157,4
-15.55564,-6.585157,4
-15.55564,-6.585157,4
-15.55564,-6.585157,4
-15.55564,-6.585157,4
-15.55564,-6.585157,4
-15.55564,-6.585157,4
-15.55564,-6.585157,4
-15.55564,-6.585157,4
-15.55564,-6.585157,4
-15.55564,-6.585157,4
-15.55564,-6.585157,4
-15.55564,-6.585157,4
-15.55564,-6.585157,4
-15.55564,-6.585157,4
-15.55564,-6.585157,4
-15.55564,-6.585157,4
-15.55564,-6.585157,4
-15.55564,-6.585157,4
-15.55564,-6.585157,4
-15.55564,-6.585157,4
-15.55564,-6.585157,4
-15.55564,-6.585157,4
-15.55564,-6.585157,4
-15.55564,-6.585157,4
-15.55564,-6.585157,4
-15.55564,-6.585157,4
-15.55564,-6.585157,4
-15.55564,-6.585157,4
-15.55564,-6.585157,4
-15.55564,-6.585157,4
-15.55564,-6.585157,4
-15.55564,-6.585157,4
-15.55564,-6.585157,4
-15.55564,-6.585157,4
-15.55564,-6.585157,4
-15.55564,-6.585157,4
-15.55564,-6.585157,4
-15.55564,-6.585157,4
-15.55564,-6.585157,4
-15.55564,-6.585157,4
-15.55564,-6.585157,4
-15.55564,-6.585157,4
-15.55564,-6.585157,4
-15.55564,-6.585157,4
-15.55564,-6.585157,4
-15.55564,-6.585157,4
-15.55564,-6.585157,4
-15.55564,-6.585157,4
-15.55564,-6.585157,4
-15.55564,-6.585157,4
-15.55564,-6.585157,4
-15.55564,-6.585157,4
-15.55564,-6.585157,4
-15.55564,-6.585157,4
-15.55564,-6.585157,4
-15.55564,-6.585157,4
-15.55564,-6.585157,4
-15.55564,-6.585157,4
-15.55564,-6.585157,4
-15.55564,-6.585157,4
-15.55564,-6.585157,4
-15.55564,-6.585157,4
-15.55564,-6.585157,4
-15.55564,-6.585157,4
-15.55564,-6.585157,4
-15.55564,-6.585157,4
-15.55564,-6.585157,4
-15.55564,-6.585157,4
-15.55564,-6.585157,4
-15.55564,-6.585157,4
-15.55564,-6.585157,4
-15.55564,-6.585157,4
-15.55564,-6.585157,4
-15.55564,-6.585157,4
-15.55564,-6.585157,4
-15.55564,-6.585157,4
-15.55564,-6.585157,4
-15.55564,-6.585157,4
-15.55564,-6.585157,4
-15.55564,-6.585157,4
-15.55564,-6.585157,4
-15.55564,-6.585157,4
-15.55564,-6.585157,4
-15.55564,-6.585157,4
-15.55564,-6.585157,4
-15.55564,-6.585157,4
-15.55564,-6.585157,4
-15.55564,-6.585157,4
-15.55564,-6.585157,4
-15.55564,-6.585157,4
-15.55564,-6.585157,4
-15.55564,-6.585157,4
-15.55564,-6.585157,4
-15.55564,-6.585157,4
-15.55564,-6.585157,4
-15.55564,-6.585157,4
-15.55564,-6.585157,4
-15.55564,-6.585157,4
-15.55564,-6.585157,4
-15.55564,-6.585157,4
-15.55564,-6.585157,4
-15.55564,-6.585157,4
-15.55564,-6.585157,4
-15.55564,-6.585157,4
-15.55564,-6.585157,4
-15.55564,-6.585157,4
-15.55564,-6.585157,4
-15.55564,-6.585157,4
-15.55564,-6.585157,4
-15.55564,-6.585157,4
-15.55564,-6.585157,4
-15.55564,-6.585157,4
-15.55564,-6.585157,4
-15.55564,-6.585157,4
-15.55564,-6.585157,4
-15.55564,-6.585157,4
-15.55564,-6.585157,4
-15.55564,-6.585157,4
-15.55564,-6.585157,4
-15.55564,-6.585157,4
-15.55564,-6.585157,4
-15.55564,-6.585157,4
-15.55564,-6.585157,4
-15.55564,-6.585157,4
-15.55564,-6.585157,4
-15.55564,-6.585157,4
-15.55564,-6.585157,4
-15.55564,-6.585157,4
-15.55564,-6.585157,4
-15.55564,-6.585157,4
-15.55564,-6.585157,4
-15.55564,-6.585157,4
-15.55564,-6.585157,4
-15.55564,-6.585157,4
-15.55564,-6.585157,4
-15.55564,-6.585157,4
-15.55564,-6.585157,4
-15.55564,-6.585157,4
-15.55564,-6.585157,4
-15.55564,-6.585157,4
-15.55564,-6.585157,4
-15.55564,-6.585157,4
-15.55564,-6.585157,4
-15.55564,-6.585157,4
-15.55564,-6.585157,4
-15.55564,-6.585157,4
-15.55564,-6.585157,4
-15.55564,-6.585157,4
-15.55564,-6.585157,4
-15.55564,-6.585157,4
-15.55564,-6.585157,4
-15.55564,-6.585157,4
-15.55564,-6.585157,4
-15.55564,-6.585157,4
-15.55564,-6.585157,4
-15.55564,-6.585157,4
-15.55564,-6.585157,4
-15.55564,-6.585157,4
-15.55564,-6.585157,4
-15.55564,-6.585157,4
-15.55564,-6.585157,4
-15.55564,-6.585157,4
-15.55564,-6.585157,4
-15.55564,-6.585157,4
-15.55564,-6.585157,4
-15.55564,-6.585157,4
-15.55564,-6.585157,4
-15.55564,-6.585157,4
-15.55564,-6.585157,4
-15.55564,-6.585157,4
-15.55564,-6.585157,4
-15.55564,-6.585157,4
-15.55564,-6.585157,4
-15.55564,-6.585157,4
-15.55564,-6.585157,4
-15.55564,-6.585157,4
-15.55564,-6.585157,4
-15.55564,-6.585157,4
-15.55564,-6.585157,4
-15.55564,-6.585157,4
-15.55564,-6.585157,4
-15.55564,-6.585157,4
-15.55564,-6.585157,4
-15.55564,-6.585157,4
-15.55564,-6.585157,4
-15.55564,-6.585157,4
-15.55564,-6.585157,4
-15.55564,-6.585157,4
-15.55564,-6.585157,4
-15.55564,-6.585157,4
-15.55564,-6.585157,4
-15.55564,-6.585157,4
-15.55564,-6.585157,4
-15.55564,-6.585157,4
-15.55564,-6.585157,4
-15.55564,-6.585157,4
-15.55564,-6.585157,4
-15.55564,-6.585157,4
-15.55564,-6.585157,4
-15.55564,-6.585157,4
-15.55564,-6.585157,4
-15.55564,-6.585157,4
-15.55564,-6.585157,4
-15.55564,-6.585157,4
-15.55564,-6.585157,4
-15.55564,-6.585157,4
-15.55564,-6.585157,4
-15.55564,-6.585157,4
-15.55564,-6.585157,4
-15.55564,-6.585157,4
-15.55564,-6.585157,4
-15.55564,-6.585157,4
-15.55564,-6.585157,4
-15.55564,-6.585157,4
-15.55564,-6.585157,4
-15.55564,-6.585157,4
-15.55564,-6.585157,4
-15.55564,-6.585157,4
-15.55564,-6.585157,4
-15.55564,-6.585157,4
-15.55564,-6.585157,4
-15.55564,-6.585157,4
-15.55564,-6.585157,4
-15.55564,-6.585157,4
-15.55564,-6.585157,4
-15.55564,-6.585157,4
-15.55564,-6.585157,4
-15.55564,-6.585157,4
-15.55564,-6.585157,4
-15.55564,-6.585157,4
-15.55564,-6.585157,4
-15.55564,-6.585157,4
-15.55564,-6.585157,4
-15.55564,-6.585157,4
-15.55564,-6.585157,4
-15.55564,-6.585157,4
-15.55564,-6.585157,4
-15.55564,-6.585157,4
-15.55564,-6.585157,4
-15.55564,-6.585157,4
-15.55564,-6.585157,4
-15.55564,-6.585157,4
-15.55564,-6.585157,4
-15.55564,-6.585157,4
-15.55564,-6.585157,4
-15.55564,-6.585157,4
-15.55564,-6.585157,4
-15.55564,-6.585157,4
-15.55564,-6.585157,4
-15.55564,-6.585157,4
-15.55564,-6.585157,4
-15.55564,-6.585157,4
-15.55564,-6.585157,4
-15.55564,-6.585157,4
-15.55564,-6.585157,4
-15.55564,-6.585157,4
-15.55564,-6.585157,4
-15.55564,-6.585157,4
-15.55564,-6.585157,4
-15.55564,-6.585157,4
-15.55564,-6.585157,4
-15.55564,-6.585157,4
-15.55564,-6.585157,4
-15.55564,-6.585157,4
-15.55564,-6.585157,4
-15.55564,-6.585157,4
-15.55564,-6.585157,4
-15.55564,-6.585157,4
-15.55564,-6.585157,4
-15.55564,-6.585157,4
-15.55564,-6.585157,4
-15.55564,-6.585157,4
-15.55564,-6.585157,4
-15.55564,-6.585157,4
-15.55564,-6.585157,4
-15.55564,-6.585157,4
-15.55564,-6.585157,4
-15.55564,-6.585157,4
-15.55564,-6.585157,4
-15.55564,-6.585157,4
-15.55564,-6.585157,4
-15.55564,-6.585157,4
-15.55564,-6.585157,4
-15.55564,-6.585157,4
-15.55564,-6.585157,4
-15.55564,-6.585157,4
-15.55564,-6.585157,4
-15.55564,-6.585157,4
-15.55564,-6.585157,4
-15.55564,-6.585157,4
-15.55564,-6.585157,4
-15.55564,-6.585157,4
-15.55564,-6.585157,4
-15.55564,-6.585157,4
-15.55564,-6.585157,4
-15.55564,-6.585157,4
-15.55564,-6.585157,4
-15.55564,-6.585157,4
-15.55564,-6.585157,4
-15.55564,-6.585157,4
-15.55564,-6.585157,4
-15.55564,-6.585157,4
-15.55564,-6.585157,4
-15.55564,-6.585157,4
-15.55564,-6.585157,4
-15.55564,-6.585157,4
-15.55564,-6.585157,4
-15.55564,-6.585157,4
-15.55564,-6.585157,4
-15.55564,-6.585157,4
-15.55564,-6.585157,4
-15.55564,-6.585157,4
-15.55564,-6.585157,4
-15.55564,-6.585157,4
-15.55564,-6.585157,4
-15.55564,-6.585157,4
-15.55564,-6.585157,4
-15.55564,-6.585157,4
-15.55564,-6.585157,4
-15.55564,-6.585157,4
-15.55564,-6.585157,4
-15.55564,-6.585157,4
-15.55564,-6.585157,4
-15.55564,-6.585157,4
-15.55564,-6.585157,4
-15.55564,-6.585157,4
-15.55564,-6.585157,4
-15.55564,-6.585157,4
-15.55564,-6.585157,4
-15.55564,-6.585157,4
-15.55564,-6.585157,4
-15.55564,-6.585157,4
-15.55564,-6.585157,4
-15.55564,-6.585157,4
-15.55564,-6.585157,4
-15.55564,-6.585157,4
-15.55564,-6.585157,4
-15.55564,-6.585157,4
-15.55564,-6.585157,4
-15.55564,-6.585157,4
-15.55564,-6.585157,4
-15.55564,-6.585157,4
-15.55564,-6.585157,4
-15.55564,-6.585157,4
-15.55564,-6.585157,4
-15.55564,-6.585157,4
-15.55564,-6.585157,4
-15.55564,-6.585157,4
-15.55564,-6.585157,4
-15.55564,-6.585157,4
-15.55564,-6.585157,4
-15.55564,-6.585157,4
-15.55564,-6.585157,4
-15.55564,-6.585157,4
-15.55564,-6.585157,4
-15.55564,-6.585157,4
-15.55564,-6.585157,4
-15.55564,-6.585157,4
-15.55564,-6.585157,4
-15.55564,-6.585157,4
-15.55564,-6.585157,4
-15.55564,-6.585157,4
-15.55564,-6.585157,4
-15.55564,-6.585157,4
-15.55564,-6.585157,4
-15.55564,-6.585157,4
-15.55564,-6.585157,4
-15.55564,-6.585157,4
-15.55564,-6.585157,4
-15.55564,-6.585157,4
-15.55564,-6.585157,4
-15.55564,-6.585157,4
-15.55564,-6.585157,4
-15.55564,-6.585157,4
-15.55564,-6.585157,4
-15.55564,-6.585157,4
-15.55564,-6.585157,4
-15.55564,-6.585157,4
-15.55564,-6.585157,4
-15.55564,-6.585157,4
-15.55564,-6.585157,4
-15.55564,-6.585157,4
-15.55564,-6.585157,4
-15.55564,-6.585157,4
-15.55564,-6.585157,4
-15.55564,-6.585157,4
-15.55564,-6.585157,4
-15.55564,-6.585157,4
-15.55564,-6.585157,4
-15.55564,-6.585157,4
-15.55564,-6.585157,4
-15.55564,-6.585157,4
-15.55564,-6.585157,4
-15.55564,-6.585157,4
-15.55564,-6.585157,4
-15.55564,-6.585157,4
-15.55564,-6.585157,4
-15.55564,-6.585157,4
-15.55564,-6.585157,4
-15.55564,-6.585157,4
-15.55564,-6.585157,4
-15.55564,-6.585157,4
-15.55564,-6.585157,4
-15.55564,-6.585157,4
-15.55564,-6.585157,4
-15.55564,-6.585157,4
-15.55564,-6.585157,4
-15.55564,-6.585157,4
-15.55564,-6.585157,4
-15.55564,-6.585157,4
-15.55564,-6.585157,4
-15.55564,-6.585157,4
-15.55564,-6.585157,4
-15.55564,-6.585157,4
-15.55564,-6.585157,4
-15.55564,-6.585157,4
-15.55564,-6.585157,4
-15.55564,-6.585157,4
-15.55564,-6.585157,4
-15.55564,-6.585157,4
-15.55564,-6.585157,4
-15.55564,-6.585157,4
-15.55564,-6.585157,4
-15.55564,-6.585157,4
-15.55564,-6.585157,4
-15.55564,-6.585157,4
-15.55564,-6.585157,4
-15.55564,-6.585157,4
-15.55564,-6.585157,4
-15.55564,-6.585157,4
-15.55564,-6.585157,4
-15.55564,-6.585157,4
-15.55564,-6.585157,4
-15.55564,-6.585157,4
-15.55564,-6.585157,4
-15.55564,-6.585157,4
-15.55564,-6.585157,4
-15.55564,-6.585157,4
-15.55564,-6.585157,4
-15.55564,-6.585157,4
-15.55564,-6.585157,4
-15.55564,-6.585157,4
-15.55564,-6.585157,4
-15.55564,-6.585157,4
-15.55564,-6.585157,4
-15.55564,-6.585157,4
-15.55564,-6.585157,4
-15.55564,-6.585157,4
-15.55564,-6.585157,4
-15.55564,-6.585157,4
-15.55564,-6.585157,4
-15.55564,-6.585157,4
-15.55564,-6.585157,4
-15.55564,-6.585157,4
-15.55564,-6.585157,4
-15.55564,-6.585157,4
-15.55564,-6.585157,4
-15.55564,-6.585157,4
-15.55564,-6.585157,4
-15.55564,-6.585157,4
-15.55564,-6.585157,4
-15.55564,-6.585157,4
-15.55564,-6.585157,4
-15.55564,-6.585157,4
-15.55564,-6.585157,4
-15.55564,-6.585157,4
-15.55564,-6.585157,4
-15.55564,-6.585157,4
-15.55564,-6.585157,4
-15.55564,-6.585157,4
-15.55564,-6.585157,4
-15.55564,-6.585157,4
-15.55564,-6.585157,4
-15.55564,-6.585157,4
-15.55564,-6.585157,4
-15.55564,-6.585157,4
-15.55564,-6.585157,4
-15.55564,-6.585157,4
-15.55564,-6.585157,4
-15.55564,-6.585157,4
-15.55564,-6.585157,4
-15.55564,-6.585157,4
-15.55564,-6.585157,4
-15.55564,-6.585157,4
-15.55564,-6.585157,4
-15.55564,-6.585157,4
-15.55564,-6.585157,4
-15.55564,-6.585157,4
-15.55564,-6.585157,4
-15.55564,-6.585157,4
-15.55564,-6.585157,4
-15.55564,-6.585157,4
-15.55564,-6.585157,4
-15.55564,-6.585157,4
-15.55564,-6.585157,4
-15.55564,-6.585157,4
-15.55564,-6.585157,4
-15.55564,-6.585157,4
-15.55564,-6.585157,4
-15.55564,-6.585157,4
-15.55564,-6.585157,4
-15.55564,-6.585157,4
-15.55564,-6.585157,4
-15.55564,-6.585157,4
-15.55564,-6.585157,4
-15.55564,-6.585157,4
-15.55564,-6.585157,4
-15.55564,-6.585157,4
-15.55564,-6.585157,4
-15.55564,-6.585157,4
-15.55564,-6.585157,4
-15.55564,-6.585157,4
-15.55564,-6.585157,4
-15.55564,-6.585157,4
-15.55564,-6.585157,4
-15.55564,-6.585157,4
-15.55564,-6.585157,4
-15.55564,-6.585157,4
-15.55564,-6.585157,4
-15.55564,-6.585157,4
-15.55564,-6.585157,4
-15.55564,-6.585157,4
-15.55564,-6.585157,4
-15.55564,-6.585157,4
-15.55564,-6.585157,4
-15.55564,-6.585157,4
-15.55564,-6.585157,4
-15.55564,-6.585157,4
-15.55564,-6.585157,4
-15.55564,-6.585157,4
-15.55564,-6.585157,4
-15.55564,-6.585157,4
-15.55564,-6.585157,4
-15.55564,-6.585157,4
-15.55564,-6.585157,4
-15.55564,-6.585157,4
-15.55564,-6.585157,4
-15.55564,-6.585157,4
-15.55564,-6.585157,4
-15.55564,-6.585157,4
-15.55564,-6.585157,4
-15.55564,-6.585157,4
-15.55564,-6.585157,4
-15.55564,-6.585157,4
-15.55564,-6.585157,4
-15.55564,-6.585157,4
-15.55564,-6.585157,4
-15.55564,-6.585157,4
-15.55564,-6.585157,4
-15.55564,-6.585157,4
-15.55564,-6.585157,4
-15.55564,-6.585157,4
-15.55564,-6.585157,4
-15.55564,-6.585157,4
-15.55564,-6.585157,4
-15.55564,-6.585157,4
-15.55564,-6.585157,4
-15.55564,-6.585157,4
-15.55564,-6.585157,4
-15.55564,-6.585157,4
-15.55564,-6.585157,4
-15.55564,-6.585157,4
-15.55564,-6.585157,4
-15.55564,-6.585157,4
-15.55564,-6.585157,4
-15.55564,-6.585157,4
-15.55564,-6.585157,4
-15.55564,-6.585157,4
-15.55564,-6.585157,4
-15.55564,-6.585157,4
-15.55564,-6.585157,4
-15.55564,-6.585157,4
-15.55564,-6.585157,4
-15.55564,-6.585157,4
-15.55564,-6.585157,4
-15.55564,-6.585157,4
-15.55564,-6.585157,4
-15.55564,-6.585157,4
-15.55564,-6.585157,4
-15.55564,-6.585157,4
-15.55564,-6.585157,4
-15.55564,-6.585157,4
-15.55564,-6.585157,4
-15.55564,-6.585157,4
-15.55564,-6.585157,4
-2.685492,-9.345712,4
11.55578,-12.40036,4
25.85633,-15.46773,4
31.63525,-16.70727,4
31.63525,-16.70727,4
31.63525,-16.70727,4
31.63525,-16.70727,4
31.63525,-16.70727,4
31.90889,-16.76596,4
31.90889,-16.76596,4
31.90889,-16.76596,4
31.90889,-16.76596,4
31.90889,-16.76596,4
31.90889,-16.76596,4
31.90889,-16.76596,4
31.90889,-16.76596,4
31.90889,-16.76596,4
20.85292,-7.793206,4
9.558393,1.373169,4
-1.694472,10.50573,4
-5.025583,13.20918,4
-5.258616,13.39831,4
-5.420208,13.52945,4
-5.575849,13.65577,4
-5.575849,13.65577,4
-5.575849,13.65577,4
-5.575849,13.65577,4
-5.575849,13.65577,4
-5.575849,13.65577,4
-5.575849,13.65577,4
-5.575849,13.65577,4
-5.703127,13.75906,4
-5.869676,13.89423,4
-6.004938,14.00401,4
-6.004938,14.00401,4
-6.004938,14.00401,4
-6.004938,14.00401,4
-6.004938,14.00401,4
-6.004938,14.00401,4
-6.004938,14.00401,4
-6.004938,14.00401,4
-6.004938,14.00401,4
-5.798535,13.83649,4
3.7969,3.111132,4
13.52046,-7.757449,4
27.49924,-11.26439,4
33.65991,-12.68991,4
33.65991,-12.68991,4
33.65991,-12.68991,4
33.65991,-12.68991,4
33.65991,-12.68991,4
33.65991,-12.68991,4
33.65991,-12.68991,4
33.65991,-12.68991,4
33.83224,-12.72979,4
34.00609,-12.77002,4
34.19433,-12.81358,4
34.19433,-12.81358,4
34.19433,-12.81358,4
34.19433,-12.81358,4
34.19433,-12.81358,4
34.19433,-12.81358,4
34.19433,-12.81358,4
34.19433,-12.81358,4
34.19433,-12.81358,4
34.40897,-12.86324,4
34.67344,-12.92444,4
34.67344,-12.92444,4
34.67344,-12.92444,4
34.67344,-12.92444,4
34.67344,-12.92444,4
34.8834,-12.97302,4
34.8834,-12.97302,4
34.8834,-12.97302,4
34.8834,-12.97302,4
34.8834,-12.97302,4
34.8834,-12.97302,4
34.8834,-12.97302,4
34.8834,-12.97302,4
35.04219,-13.00976,4
34.84355,-12.9638,4
34.84355,-12.9638,4
34.84355,-12.9638,4
34.84355,-12.9638,4
34.84355,-12.9638,4
34.84355,-12.9638,4
34.84355,-12.9638,4
34.84355,-12.9638,4
34.84355,-12.9638,4
35.17514,-13.04052,4
34.85554,-12.96657,4
34.18006,-8.25573,4
34.18006,-8.25573,4
38.84993,-12.0625,4
39.25187,-12.39014,4
39.39466,-12.50654,4
39.39466,-12.50654,4
39.39466,-12.50654,4
39.39466,-12.50654,4
39.39466,-12.50654,4
39.39466,-12.50654,4
39.39466,-12.50654,4
39.39466,-12.50654,4
39.52822,-12.61542,4
39.6812,-12.74012,4
39.8218,-12.85473,4
39.96846,-12.97428,4
39.96846,-12.97428,4
39.96846,-12.97428,4
39.96846,-12.97428,4
40.35235,-13.28725,4
40.35235,-13.28725,4
40.35235,-13.28725,4
40.35235,-13.28725,4
40.35235,-13.28725,4
40.35235,-13.28725,4
40.35235,-13.28725,4
40.35235,-13.28725,4
40.35235,-13.28725,4
40.15711,-13.12809,4
40.15711,-13.12809,4
40.15711,-13.12809,4
40.15711,-13.12809,4
40.15711,-13.12809,4
40.15711,-13.12809,4
40.15711,-13.12809,4
40.15711,-13.12809,4
39.99604,-12.99677,4
40.20712,-13.1689,4
39.95626,-12.96433,4
39.95626,-12.96433,4
39.95626,-12.96433,4
39.95626,-12.96433,4
39.95626,-12.96433,4
39.95626,-12.96433,4
39.95626,-12.96433,4
39.95626,-12.96433,4
39.95626,-12.96433,4
40.18065,-13.14731,4
28.54327,-4.829865,4
16.75794,3.593333,4
28.65974,11.49535,4
30.00093,12.35765,4
30.00093,12.35765,4
30.00093,12.35765,4
30.00093,12.35765,4
30.00093,12.35765,4
30.00093,12.35765,4
30.00093,12.35765,4
30.00093,12.35765,4
30.23633,12.509,4
30.55647,12.71484,4
30.84327,12.89923,4
30.84327,12.89923,4
30.84327,12.89923,4
30.84327,12.89923,4
30.84327,12.89923,4
30.84327,12.89923,4
30.84327,12.89923,4
30.84327,12.89923,4
30.84327,12.89923,4
31.02552,13.01641,4
30.73876,12.83204,4
30.73876,12.83204,4
30.73876,12.83204,4
31.00372,13.00239,4
31.00372,13.00239,4
30.81268,12.87956,4
30.81268,12.87956,4
30.81268,12.87956,4
30.81268,12.87956,4
30.81268,12.87956,4
30.81268,12.87956,4
30.81268,12.87956,4
30.81268,12.87956,4
30.95726,12.97252,4
31.12137,13.07804,4
30.959,12.97364,4
16.56546,13.28824,4
1.992874,13.60674,4
-12.55728,13.92476,4
-14.57758,13.96891,4
-14.57758,13.96891,4
-14.57758,13.96891,4
-14.57758,13.96891,4
-14.57758,13.96891,4
-14.57758,13.96891,4
-14.98836,13.97789,4
-0.7551705,12.37217,4
13.65209,10.74681,4
28.04374,9.123214,4
36.564,8.161999,4
36.564,8.161999,4
36.564,8.161999,4
36.564,8.161999,4
36.564,8.161999,4
36.564,8.161999,4
36.564,8.161999,4
36.75301,8.140676,4
36.98884,8.114073,4
37.26826,8.08255,4
37.26826,8.08255,4
37.26826,8.08255,4
37.26826,8.08255,4
37.26826,8.08255,4
37.26826,8.08255,4
37.26826,8.08255,4
37.26826,8.08255,4
37.26826,8.08255,4
37.49471,8.057004,4
37.76125,8.026934,4
38.06199,7.993006,4
38.06199,7.993006,4
37.73753,8.029612,4
37.73753,8.029612,4
37.73753,8.029612,4
37.73753,8.029612,4
37.73753,8.029612,4
37.73753,8.029612,4
37.73753,8.029612,4
37.73753,8.029612,4
37.73753,8.029612,4
37.90834,8.010341,4
38.2488,7.971931,4
38.0491,7.994461,4
38.0491,7.994461,4
38.0491,7.994461,4
38.0491,7.994461,4
38.0491,7.994461,4
38.0491,7.994461,4
38.0491,7.994461,4
38.0491,7.994461,4
38.0491,7.994461,4
33.07738,12.10848,4
32.85938,12.28887,4
32.85938,12.28887,4
32.85938,12.28887,4
32.85938,12.28887,4
32.85938,12.28887,4
32.67136,12.44446,4
32.67136,12.44446,4
32.67136,12.44446,4
32.67136,12.44446,4
32.67136,12.44446,4
32.67136,12.44446,4
32.67136,12.44446,4
32.67136,12.44446,4
32.51873,12.57075,4
32.33842,12.71996,4
32.16917,12.86002,4
32.16917,12.86002,4
32.16917,12.86002,4
32.16917,12.86002,4
32.16917,12.86002,4
32.16917,12.86002,4
32.16917,12.86002,4
32.16917,12.86002,4
32.16917,12.86002,4
31.95366,13.03835,4
32.19967,12.83477,4
32.19967,12.83477,4
31.89822,13.08422,4
31.89822,13.08422,4
31.89822,13.08422,4
31.89822,13.08422,4
31.89822,13.08422,4
31.89822,13.08422,4
31.89822,13.08422,4
31.89822,13.08422,4
31.89822,13.08422,4
32.03402,12.97185,4
31.88569,13.09459,4
32.04755,12.96065,4
32.04755,12.96065,4
32.04755,12.96065,4
32.04755,12.96065,4
32.04755,12.96065,4
32.04755,12.96065,4
32.04755,12.96065,4
32.04755,12.96065,4
32.04755,12.96065,4
31.86435,13.11225,4
20.97542,3.899858,4
9.858036,-5.505812,4
2.106682,-12.06371,4
15.77072,-16.096,4
27.69586,-19.61514,4
27.69586,-19.61514,4
27.69586,-19.61514,4
27.69586,-19.61514,4
27.69586,-19.61514,4
27.69586,-19.61514,4
27.69586,-19.61514,4
27.69586,-19.61514,4
27.85048,-19.66077,4
28.00896,-19.70754,4
28.20854,-19.76644,4
28.20854,-19.76644,4
28.20854,-19.76644,4
28.20854,-19.76644,4
28.20854,-19.76644,4
28.20854,-19.76644,4
28.20854,-19.76644,4
28.20854,-19.76644,4
28.20854,-19.76644,4
28.44239,-19.83545,4
14.60311,-16.3883,4
2.34768,-13.33568,4
2.34768,-13.33568,4
16.62226,-12.64618,4
28.51909,-12.07154,4
28.75613,-12.06009,4
28.75613,-12.06009,4
28.75613,-12.06009,4
28.75613,-12.06009,4
28.75613,-12.06009,4
28.75613,-12.06009,4
28.75613,-12.06009,4
28.75613,-12.06009,4
28.92782,-12.05179,4
29.23514,-12.03695,4
29.45395,-12.02638,4
29.45395,-12.02638,4
29.45395,-12.02638,4
29.45395,-12.02638,4
29.45395,-12.02638,4
29.45395,-12.02638,4
29.45395,-12.02638,4
29.45395,-12.02638,4
29.45395,-12.02638,4
29.75681,-12.01175,4
15.37576,-12.50596,4
19.83333,1.028136,4
24.57541,14.76963,4
24.57541,14.76963,4
24.64833,14.98092,4
24.64833,14.98092,4
24.64833,14.98092,4
24.64833,14.98092,4
24.64833,14.98092,4
24.64833,14.98092,4
24.64833,14.98092,4
24.64833,14.98092,4
24.70376,15.14155,4
24.76596,15.32181,4
24.76596,15.32181,4
24.76596,15.32181,4
24.76596,15.32181,4
24.76596,15.32181,4
24.76596,15.32181,4
24.76596,15.32181,4
24.76596,15.32181,4
24.76596,15.32181,4
24.84752,15.55815,4
24.94502,15.84067,4
13.67183,7.074131,4
2.149238,-1.886349,4
-9.265152,-10.76269,4
-14.89107,-15.13765,4
-0.543859,-14.30233,4
13.99874,-13.45563,4
28.41797,-12.6161,4
37.5322,-12.08545,4
37.5322,-12.08545,4
37.5322,-12.08545,4
37.5322,-12.08545,4
37.5322,-12.08545,4
37.70931,-12.07514,4
37.97962,-12.0594,4
37.97962,-12.0594,4
37.97962,-12.0594,4
37.97962,-12.0594,4
37.97962,-12.0594,4
37.97962,-12.0594,4
37.97962,-12.0594,4
37.97962,-12.0594,4
37.97962,-12.0594,4
38.21474,-12.04572,4
38.21474,-12.04572,4
38.21474,-12.04572,4
38.21474,-12.04572,4
38.49798,-12.02923,4
38.71113,-12.01682,4
38.71113,-12.01682,4
38.71113,-12.01682,4
38.71113,-12.01682,4
38.71113,-12.01682,4
38.71113,-12.01682,4
38.71113,-12.01682,4
38.71113,-12.01682,4
39.0684,-11.99602,4
38.8429,-12.00915,4
39.04916,-11.99714,4
39.04916,-11.99714,4
39.04916,-11.99714,4
39.04916,-11.99714,4
39.04916,-11.99714,4
39.04916,-11.99714,4
39.04916,-11.99714,4
39.04916,-11.99714,4
39.04916,-11.99714,4
38.82966,-12.00992,4
24.75408,-9.486256,4
10.37906,-6.908904,4
-3.271605,-11.62733,4
-8.716949,-13.54755,4
-8.716949,-13.54755,4
-8.716949,-13.54755,4
-8.716949,-13.54755,4
-8.716949,-13.54755,4
-8.716949,-13.54755,4
-8.716949,-13.54755,4
-8.716949,-13.54755,4
-8.716949,-13.54755,4
-8.886382,-13.6073,4
-9.053958,-13.66639,4
-9.275805,-13.74462,4
-9.275805,-13.74462,4
-9.275805,-13.74462,4
-9.275805,-13.74462,4
-9.275805,-13.74462,4
-9.275805,-13.74462,4
-9.275805,-13.74462,4
-9.275805,-13.74462,4
-9.275805,-13.74462,4
-9.553767,-13.84264,4
-9.811214,-13.93343,4
-9.811214,-13.93343,4
-9.811214,-13.93343,4
-10.09616,-14.03391,4
-10.09616,-14.03391,4
-10.09616,-14.03391,4
-10.09616,-14.03391,4
-10.09616,-14.03391,4
-10.09616,-14.03391,4
-10.09616,-14.03391,4
-10.09616,-14.03391,4
-10.09616,-14.03391,4
-9.897498,-13.96385,4
-10.16994,-14.05993,4
-9.971665,-13.99001,4
-9.971665,-13.99001,4
-9.971665,-13.99001,4
-9.971665,-13.99001,4
-9.971665,-13.99001,4
-9.971665,-13.99001,4
-9.971665,-13.99001,4
-9.971665,-13.99001,4
-9.971665,-13.99001,4
-10.21447,-14.07563,4
-16.26779,-3.303051,4
-16.26779,-3.303051,4
-2.682273,-7.815615,4
11.13285,-12.40444,4
24.83678,-16.95634,4
32.73243,-19.57896,4
32.73243,-19.57896,4
32.73243,-19.57896,4
32.73243,-19.57896,4
32.73243,-19.57896,4
32.73243,-19.57896,4
32.73243,-19.57896,4
32.73243,-19.57896,4
32.91194,-19.63859,4
33.11784,-19.70698,4
33.31318,-19.77186,4
33.31318,-19.77186,4
33.31318,-19.77186,4
33.31318,-19.77186,4
33.31318,-19.77186,4
33.31318,-19.77186,4
33.31318,-19.77186,4
33.31318,-19.77186,4
33.31318,-19.77186,4
33.63614,-19.87914,4
34.03744,-20.01244,4
34.03744,-20.01244,4
33.73776,-19.91288,4
33.73776,-19.91288,4
33.73776,-19.91288,4
33.73776,-19.91288,4
33.73776,-19.91288,4
33.73776,-19.91288,4
33.73776,-19.91288,4
33.73776,-19.91288,4
33.73776,-19.91288,4
33.89973,-19.96669,4
34.07174,-20.02383,4
33.88204,-19.96081,4
33.88204,-19.96081,4
33.88204,-19.96081,4
33.88204,-19.96081,4
33.88204,-19.96081,4
33.88204,-19.96081,4
33.88204,-19.96081,4
33.88204,-19.96081,4
33.88204,-19.96081,4
34.12816,-20.04257,4
24.05328,-9.712697,4
13.92349,0.673485,4
3.830929,11.02149,4
17.71108,13.88416,4
31.88738,16.6249,4
37.52821,17.71546,4
37.52821,17.71546,4
37.52821,17.71546,4
37.52821,17.71546,4
37.52821,17.71546,4
37.52821,17.71546,4
37.52821,17.71546,4
37.52821,17.71546,4
37.72863,17.75421,4
37.95716,17.79839,4
37.95716,17.79839,4
37.95716,17.79839,4
37.95716,17.79839,4
37.95716,17.79839,4
37.95716,17.79839,4
37.95716,17.79839,4
37.95716,17.79839,4
37.95716,17.79839,4
38.19039,17.84348,4
38.44076,17.89188,4
35.9135,3.725814,4
34.25202,-5.58729,4
21.09406,-10.32486,4
7.408603,-15.25235,4
-1.636013,-18.50889,4
-1.636013,-18.50889,4
-1.636013,-18.50889,4
-1.636013,-18.50889,4
-1.636013,-18.50889,4
-1.636013,-18.50889,4
-1.636013,-18.50889,4
-1.636013,-18.50889,4
-1.808854,-18.57112,4
-1.984857,-18.63449,4
-2.173019,-18.70224,4
-2.173019,-18.70224,4
-2.338562,-18.76185,4
-2.338562,-18.76185,4
-2.338562,-18.76185,4
-2.338562,-18.76185,4
-2.338562,-18.76185,4
-2.338562,-18.76185,4
-2.338562,-18.76185,4
-2.338562,-18.76185,4
-2.338562,-18.76185,4
-2.694489,-18.89,4
-2.972469,-18.99009,4
-2.972469,-18.99009,4
-3.133995,-19.04824,4
-3.133995,-19.04824,4
-3.133995,-19.04824,4
-3.133995,-19.04824,4
-3.133995,-19.04824,4
-3.133995,-19.04824,4
-3.133995,-19.04824,4
-3.133995,-19.04824,4
-2.962168,-18.98638,4
-3.146364,-19.0527,4
-2.925795,-18.97328,4
-2.925795,-18.97328,4
-2.925795,-18.97328,4
-2.925795,-18.97328,4
-2.925795,-18.97328,4
-2.925795,-18.97328,4
-2.925795,-18.97328,4
-2.925795,-18.97328,4
-2.925795,-18.97328,4
-3.168392,-19.06063,4
-3.168392,-19.06063,4
-3.168392,-19.06063,4
-2.867569,-18.95232,4
-3.068346,-19.02461,4
-3.068346,-19.02461,4
-3.068346,-19.02461,4
-3.068346,-19.02461,4
-3.068346,-19.02461,4
-3.068346,-19.02461,4
-3.068346,-19.02461,4
-3.068346,-19.02461,4
-2.745818,-18.90848,4
-2.994619,-18.99806,4
-3.246727,-19.08886,4
-3.246727,-19.08886,4
-3.246727,-19.08886,4
-3.246727,-19.08886,4
-3.246727,-19.08886,4
-3.246727,-19.08886,4
-3.246727,-19.08886,4
-3.246727,-19.08886,4
-3.246727,-19.08886,4
-9.683437,-19.84528,4
-9.683437,-19.84528,4
-9.683437,-19.84528,4
-9.683437,-19.84528,4
-9.957913,-19.87753,4
-10.14729,-19.89979,4
-10.14729,-19.89979,4
-10.14729,-19.89979,4
-10.14729,-19.89979,4
-10.14729,-19.89979,4
-10.14729,-19.89979,4
-10.14729,-19.89979,4
-10.14729,-19.89979,4
-10.48703,-19.93971,4
-10.65666,-19.95965,4
-10.90579,-19.98893,4
-11.07832,-20.0092,4
-11.07832,-20.0092,4
-11.07832,-20.0092,4
-11.07832,-20.0092,4
-11.07832,-20.0092,4
-11.07832,-20.0092,4
-11.07832,-20.0092,4
-11.07832,-20.0092,4
-11.07832,-20.0092,4
-10.82652,-19.97961,4
-11.13283,-20.01561,4
-11.13283,-20.01561,4
-10.83541,-19.98066,4
-10.83541,-19.98066,4
-10.83541,-19.98066,4
-10.83541,-19.98066,4
-10.83541,-19.98066,4
-10.83541,-19.98066,4
-10.83541,-19.98066,4
-10.83541,-19.98066,4
-10.83541,-19.98066,4
-11.00688,-20.00081,4
-10.83331,-19.98041,4
-11.02855,-20.00336,4
-10.86043,-19.9836,4
-10.86043,-19.9836,4
-10.86043,-19.9836,4
-10.86043,-19.9836,4
-10.86043,-19.9836,4
-10.86043,-19.9836,4
-10.86043,-19.9836,4
-10.86043,-19.9836,4
-10.86043,-19.9836,4
0.4088584,-11.19546,4
11.85928,-2.266058,4
23.37551,6.714671,4
32.93983,14.17324,4
32.93983,14.17324,4
32.93983,14.17324,4
32.93983,14.17324,4
32.93983,14.17324,4
32.93983,14.17324,4
32.93983,14.17324,4
32.93983,14.17324,4
32.93983,14.17324,4
33.08399,14.28566,4
33.31423,14.46521,4
33.52752,14.63155,4
33.52752,14.63155,4
33.52752,14.63155,4
33.52752,14.63155,4
33.52752,14.63155,4
33.52752,14.63155,4
33.52752,14.63155,4
33.52752,14.63155,4
33.52752,14.63155,4
33.73004,14.78948,4
38.57469,14.17947,4
38.57469,14.17947,4
38.57469,14.17947,4
38.86705,14.14266,4
38.86705,14.14266,4
38.86705,14.14266,4
38.86705,14.14266,4
38.86705,14.14266,4
38.86705,14.14266,4
38.86705,14.14266,4
38.86705,14.14266,4
38.86705,14.14266,4
39.04166,14.12067,4
39.35018,14.08182,4
39.53306,14.0588,4
39.53306,14.0588,4
39.53306,14.0588,4
39.53306,14.0588,4
39.53306,14.0588,4
39.53306,14.0588,4
39.53306,14.0588,4
39.53306,14.0588,4
39.53306,14.0588,4
39.78678,14.02685,4
40.04091,13.99485,4
40.04091,13.99485,4
40.04091,13.99485,4
39.75461,14.0309,4
39.75461,14.0309,4
39.75461,14.0309,4
39.75461,14.0309,4
39.75461,14.0309,4
39.75461,14.0309,4
39.75461,14.0309,4
39.75461,14.0309,4
39.75461,14.0309,4
39.93575,14.00809,4
40.1571,13.98022,4
39.91703,14.01045,4
39.91703,14.01045,4
39.91703,14.01045,4
39.91703,14.01045,4
39.91703,14.01045,4
39.91703,14.01045,4
39.91703,14.01045,4
39.91703,14.01045,4
39.91703,14.01045,4
40.15554,13.98041,4
25.85469,15.00478,4
11.2803,16.04874,4
-0.6151382,16.9008,4
-2.692626,3.050217,4
-4.859789,-11.39822,4
-5.788794,-17.59188,4
-5.788794,-17.59188,4
-5.788794,-17.59188,4
-5.788794,-17.59188,4
-5.788794,-17.59188,4
-5.788794,-17.59188,4
-5.788794,-17.59188,4
-5.847051,-17.98028,4
-5.874689,-18.16455,4
-5.907756,-18.38501,4
-5.907756,-18.38501,4
-5.907756,-18.38501,4
-5.907756,-18.38501,4
-5.907756,-18.38501,4
-5.907756,-18.38501,4
-5.907756,-18.38501,4
-5.907756,-18.38501,4
-5.907756,-18.38501,4
-5.939316,-18.59542,4
-5.981763,-18.87842,4
-5.981763,-18.87842,4
-5.981763,-18.87842,4
-6.031436,-19.20958,4
-6.031436,-19.20958,4
-6.031436,-19.20958,4
-6.031436,-19.20958,4
-6.031436,-19.20958,4
-6.031436,-19.20958,4
-6.031436,-19.20958,4
-6.031436,-19.20958,4
-6.031436,-19.20958,4
-5.998599,-18.99066,4
-6.024413,-19.1628,4
-5.993434,-18.95622,4
-5.993434,-18.95622,4
-5.993434,-18.95622,4
-5.993434,-18.95622,4
-5.993434,-18.95622,4
-5.993434,-18.95622,4
-5.993434,-18.95622,4
-5.993434,-18.95622,4
-5.993434,-18.95622,4
-6.02648,-19.17658,4
5.356761,-10.58963,4
16.92926,-1.859914,4
28.51304,6.87831,4
28.84298,7.127198,4
28.84298,7.127198,4
28.84298,7.127198,4
28.84298,7.127198,4
28.84298,7.127198,4
28.84298,7.127198,4
28.84298,7.127198,4
28.84298,7.127198,4
28.84298,7.127198,4
28.97739,7.22859,4
29.12815,7.342317,4
29.37244,7.526598,4
29.51727,7.635849,4
29.51727,7.635849,4
29.51727,7.635849,4
29.51727,7.635849,4
29.51727,7.635849,4
29.51727,7.635849,4
29.51727,7.635849,4
29.51727,7.635849,4
29.51727,7.635849,4
29.72074,7.789339,4
29.95638,7.967099,4
30.2347,8.17704,4
30.2347,8.17704,4
30.2347,8.17704,4
30.2347,8.17704,4
30.2347,8.17704,4
30.2347,8.17704,4
30.2347,8.17704,4
30.2347,8.17704,4
30.2347,8.17704,4
30.2347,8.17704,4
30.10195,8.076901,4
29.96863,7.976334,4
30.12639,8.095341,4
30.12639,8.095341,4
30.12639,8.095341,4
30.12639,8.095341,4
30.12639,8.095341,4
30.12639,8.095341,4
30.12639,8.095341,4
30.12639,8.095341,4
30.12639,8.095341,4
29.89727,7.922509,4
22.24911,11.42756,4
22.24911,11.42756,4
22.24911,11.42756,4
21.98469,11.54873,4
21.79608,11.63517,4
21.79608,11.63517,4
21.79608,11.63517,4
21.79608,11.63517,4
21.79608,11.63517,4
21.79608,11.63517,4
21.79608,11.63517,4
21.79608,11.63517,4
21.38073,11.82552,4
21.20465,11.90621,4
20.74999,12.11458,4
20.74999,12.11458,4
20.74999,12.11458,4
20.74999,12.11458,4
20.74999,12.11458,4
20.74999,12.11458,4
20.74999,12.11458,4
20.74999,12.11458,4
20.74999,12.11458,4
21.11082,11.94921,4
20.86018,12.06408,4
21.32136,11.22894,4
21.32136,11.22894,4
21.32136,11.22894,4
21.32136,11.22894,4
21.40017,11.08622,4
21.40017,11.08622,4
21.40017,11.08622,4
21.40017,11.08622,4
21.40017,11.08622,4
21.40017,11.08622,4
21.40017,11.08622,4
21.40017,11.08622,4
21.47981,10.942,4
21.57136,10.77622,4
21.57136,10.77622,4
21.57136,10.77622,4
21.57136,10.77622,4
21.57136,10.77622,4
21.57136,10.77622,4
21.57136,10.77622,4
21.57136,10.77622,4
21.57136,10.77622,4
21.6757,10.58727,4
21.79329,10.37434,4
21.93489,10.11791,4
21.93489,10.11791,4
22.07291,9.867971,4
21.97999,10.03624,4
21.97999,10.03624,4
21.97999,10.03624,4
21.97999,10.03624,4
21.97999,10.03624,4
21.97999,10.03624,4
21.97999,10.03624,4
21.97999,10.03624,4
22.12927,9.765902,4
21.99349,10.01179,4
22.08871,9.83938,4
22.08871,9.83938,4
22.08871,9.83938,4
22.08871,9.83938,4
22.08871,9.83938,4
22.08871,9.83938,4
22.08871,9.83938,4
22.08871,9.83938,4
22.08871,9.83938,4
21.98867,10.02052,4
8.600086,4.766978,4
0.3750509,1.539559,4
0.3750509,1.539559,4
13.53281,-4.19984,4
26.76379,-9.971175,4
34.72351,-13.4432,4
34.72351,-13.4432,4
34.72351,-13.4432,4
34.72351,-13.4432,4
34.72351,-13.4432,4
34.72351,-13.4432,4
34.72351,-13.4432,4
34.88855,-13.51519,4
35.08061,-13.59896,4
35.27604,-13.68421,4
35.27604,-13.68421,4
35.27604,-13.68421,4
35.27604,-13.68421,4
35.27604,-13.68421,4
35.27604,-13.68421,4
35.27604,-13.68421,4
35.27604,-13.68421,4
35.27604,-13.68421,4
35.61706,-13.83296,4
34.31681,-8.338719,4
34.31681,-8.338719,4
35.94698,5.840629,4
36.84971,13.69286,4
36.84971,13.69286,4
36.87009,13.87009,4
36.87009,13.87009,4
36.87009,13.87009,4
36.87009,13.87009,4
36.87009,13.87009,4
36.87009,13.87009,4
36.87009,13.87009,4
36.87009,13.87009,4
36.89022,14.04513,4
36.91436,14.25508,4
36.9379,14.45987,4
36.9379,14.45987,4
36.9379,14.45987,4
36.9379,14.45987,4
36.9379,14.45987,4
36.9379,14.45987,4
36.9379,14.45987,4
36.9379,14.45987,4
36.9379,14.45987,4
36.97069,14.74506,4
37.00309,15.02686,4
37.00309,15.02686,4
36.97392,14.77333,4
36.97392,14.77333,4
36.97392,14.77333,4
36.97392,14.77333,4
36.97392,14.77333,4
36.97392,14.77333,4
36.97392,14.77333,4
36.97392,14.77333,4
36.97392,14.77333,4
36.9929,14.93826,4
37.01371,15.11919,4
36.99577,14.96321,4
36.99577,14.96321,4
36.99577,14.96321,4
36.99577,14.96321,4
36.99577,14.96321,4
36.99577,14.96321,4
36.99577,14.96321,4
36.99577,14.96321,4
36.99577,14.96321,4
37.02039,15.17714,4
25.70196,6.323232,4
14.15414,12.19027,4
2.332728,4.399707,4
-9.773098,-3.578292,4
-16.8439,-8.238105,4
-16.8439,-8.238105,4
-16.8439,-8.238105,4
-16.8439,-8.238105,4
-16.8439,-8.238105,4
-16.8439,-8.238105,4
-16.8439,-8.238105,4
-16.8439,-8.238105,4
-16.99595,-8.338308,4
-17.18108,-8.460316,4
-17.36164,-8.579304,4
-17.36164,-8.579304,4
-17.36164,-8.579304,4
-17.36164,-8.579304,4
-17.36164,-8.579304,4
-17.36164,-8.579304,4
-17.36164,-8.579304,4
-17.36164,-8.579304,4
-17.36164,-8.579304,4
-17.52541,-8.687234,4
-16.13325,4.71696,4
-16.13325,4.71696,4
-16.13325,4.71696,4
-16.10558,4.983391,4
-16.10558,4.983391,4
-16.10558,4.983391,4
-16.10558,4.983391,4
-16.10558,4.983391,4
-16.10558,4.983391,4
-16.10558,4.983391,4
-16.10558,4.983391,4
-16.10558,4.983391,4
-16.08929,5.140245,4
-16.06978,5.328125,4
-16.04784,5.539336,4
-16.04784,5.539336,4
-16.04784,5.539336,4
-16.04784,5.539336,4
-16.04784,5.539336,4
-16.04784,5.539336,4
-16.04784,5.539336,4
-16.04784,5.539336,4
-16.04784,5.539336,4
-16.02376,5.771245,4
-16.82783,-0.6294698,4
-16.82783,-0.6294698,4
-3.053044,-4.856679,4
10.84328,-9.121182,4
24.75828,-13.39142,4
28.69343,-14.59904,4
28.69343,-14.59904,4
28.69343,-14.59904,4
28.69343,-14.59904,4
28.69343,-14.59904,4
28.69343,-14.59904,4
28.69343,-14.59904,4
28.8603,-14.65025,4
29.02225,-14.69994,4
29.25356,-14.77093,4
29.4085,-14.81848,4
29.4085,-14.81848,4
29.4085,-14.81848,4
29.4085,-14.81848,4
29.4085,-14.81848,4
29.4085,-14.81848,4
29.4085,-14.81848,4
29.4085,-14.81848,4
29.4085,-14.81848,4
29.63174,-14.88699,4
29.86444,-14.9584,4
29.86444,-14.9584,4
30.11769,-15.03612,4
30.11769,-15.03612,4
30.11769,-15.03612,4
30.11769,-15.03612,4
30.11769,-15.03612,4
30.11769,-15.03612,4
30.11769,-15.03612,4
30.11769,-15.03612,4
30.11769,-15.03612,4
29.95559,-14.98637,4
30.11633,-15.0357,4
29.93454,-14.97991,4
29.93454,-14.97991,4
29.93454,-14.97991,4
29.93454,-14.97991,4
29.93454,-14.97991,4
29.93454,-14.97991,4
29.93454,-14.97991,4
29.93454,-14.97991,4
29.93454,-14.97991,4
30.15182,-15.04659,4
33.39889,-8.256936,4
33.39889,-8.256936,4
21.28255,-1.249323,4
8.729462,6.010891,4
-3.814533,13.26585,4
-10.73247,17.26692,4
-10.73247,17.26692,4
-10.73247,17.26692,4
-10.73247,17.26692,4
-10.73247,17.26692,4
-10.73247,17.26692,4
-10.73247,17.26692,4
-11.07554,17.46533,4
-11.36344,17.63184,4
-11.58179,17.75813,4
-11.58179,17.75813,4
-11.58179,17.75813,4
-11.58179,17.75813,4
-11.58179,17.75813,4
-11.58179,17.75813,4
-11.58179,17.75813,4
-11.58179,17.75813,4
-11.58179,17.75813,4
-11.80798,17.88894,4
-14.38304,19.37825,4
-11.59329,17.76478,4
-11.59329,17.76478,4
-12.30907,18.17875,4
-12.30907,18.17875,4
-12.30907,18.17875,4
-12.30907,18.17875,4
-12.30907,18.17875,4
-12.30907,18.17875,4
-12.30907,18.17875,4
-12.30907,18.17875,4
-12.30907,18.17875,4
-12.11133,18.06439,4
-11.91274,17.94953,4
-12.09169,18.05303,4
-12.09169,18.05303,4
-12.09169,18.05303,4
-12.09169,18.05303,4
-12.09169,18.05303,4
-12.09169,18.05303,4
-12.09169,18.05303,4
-12.09169,18.05303,4
-12.09169,18.05303,4
-11.89431,17.93888,4
-9.913048,3.724732,4
-8.192545,-8.618641,4
-8.192545,-8.618641,4
4.243004,-1.594608,4
16.81331,5.505542,4
21.7076,8.270012,4
21.7076,8.270012,4
21.7076,8.270012,4
21.7076,8.270012,4
21.7076,8.270012,4
21.7076,8.270012,4
21.7076,8.270012,4
21.85315,8.352221,4
22.00342,8.437099,4
22.17996,8.536815,4
22.33003,8.621577,4
22.33003,8.621577,4
22.33003,8.621577,4
22.33003,8.621577,4
22.33003,8.621577,4
22.33003,8.621577,4
22.33003,8.621577,4
22.33003,8.621577,4
22.33003,8.621577,4
22.55763,8.750136,4
22.77251,8.871504,4
23.04558,9.025747,4
23.04558,9.025747,4
23.04558,9.025747,4
23.04558,9.025747,4
23.04558,9.025747,4
23.04558,9.025747,4
23.04558,9.025747,4
23.04558,9.025747,4
23.04558,9.025747,4
23.04558,9.025747,4
22.87454,8.929136,4
23.01137,9.006424,4
22.69397,8.827149,4
22.81224,8.89395,4
22.81224,8.89395,4
22.81224,8.89395,4
22.81224,8.89395,4
22.81224,8.89395,4
22.81224,8.89395,4
22.81224,8.89395,4
22.81224,8.89395,4
22.81224,8.89395,4
23.00935,9.005283,4
10.94644,1.272865,4
-1.327801,-6.595012,4
-13.57303,-14.44429,4
-14.79136,-15.22525,4
-0.4099222,-14.47738,4
14.05756,-13.72504,4
26.52064,-13.07693,4
26.52064,-13.07693,4
26.52064,-13.07693,4
26.52064,-13.07693,4
26.52064,-13.07693,4
26.52064,-13.07693,4
26.69276,-13.06798,4
26.91886,-13.05622,4
27.16003,-13.04368,4
27.16003,-13.04368,4
27.16003,-13.04368,4
27.16003,-13.04368,4
27.16003,-13.04368,4
27.16003,-13.04368,4
27.16003,-13.04368,4
27.16003,-13.04368,4
27.16003,-13.04368,4
27.42493,-13.0299,4
27.42493,-13.0299,4
27.42493,-13.0299,4
27.70802,-13.01518,4
27.88701,-13.00588,4
27.88701,-13.00588,4
27.88701,-13.00588,4
27.88701,-13.00588,4
27.88701,-13.00588,4
27.88701,-13.00588,4
27.88701,-13.00588,4
27.88701,-13.00588,4
28.13935,-12.99275,4
27.96516,-13.00181,4
28.17436,-12.99093,4
28.17436,-12.99093,4
28.17436,-12.99093,4
28.17436,-12.99093,4
28.17436,-12.99093,4
28.17436,-12.99093,4
28.17436,-12.99093,4
28.17436,-12.99093,4
28.17436,-12.99093,4
27.95924,-13.00212,4
33.02583,-7.96795,4
33.02583,-7.96795,4
40.12901,-13.34114,4
40.30371,-13.47329,4
40.30371,-13.47329,4
40.30371,-13.47329,4
40.30371,-13.47329,4
40.30371,-13.47329,4
40.30371,-13.47329,4
40.30371,-13.47329,4
40.30371,-13.47329,4
40.30371,-13.47329,4
40.44726,-13.58188,4
40.62514,-13.71644,4
40.85229,-13.88827,4
40.85229,-13.88827,4
40.85229,-13.88827,4
40.85229,-13.88827,4
40.85229,-13.88827,4
40.85229,-13.88827,4
40.85229,-13.88827,4
40.85229,-13.88827,4
40.85229,-13.88827,4
41.01945,-14.01472,4
40.82353,-13.86651,4
40.82353,-13.86651,4
40.82353,-13.86651,4
41.00821,-14.00621,4
41.00821,-14.00621,4
40.87576,-13.906,4
40.87576,-13.906,4
40.87576,-13.906,4
40.87576,-13.906,4
40.87576,-13.906,4
40.87576,-13.906,4
40.87576,-13.906,4
40.87576,-13.906,4
41.01706,-14.01291,4
40.85191,-13.88796,4
40.85191,-13.88796,4
40.85191,-13.88796,4
40.85191,-13.88796,4
40.85191,-13.88796,4
40.85191,-13.88796,4
40.85191,-13.88796,4
40.85191,-13.88796,4
40.85191,-13.88796,4
41.01903,-14.0144,4
40.84242,-13.88079,4
26.82004,-11.0006,4
12.61708,-8.083325,4
26.18915,-12.10395,4
34.60003,-14.58674,4
34.60003,-14.58674,4
34.60003,-14.58674,4
34.60003,-14.58674,4
34.60003,-14.58674,4
34.60003,-14.58674,4
34.60003,-14.58674,4
34.60003,-14.58674,4
34.75259,-14.63178,4
34.92292,-14.68206,4
34.92292,-14.68206,4
34.92292,-14.68206,4
34.92292,-14.68206,4
35.10532,-14.7359,4
35.10532,-14.7359,4
35.10532,-14.7359,4
35.10532,-14.7359,4
35.10532,-14.7359,4
35.10532,-14.7359,4
35.10532,-14.7359,4
35.10532,-14.7359,4
35.10532,-14.7359,4
35.39831,-14.82239,4
35.71086,-14.91465,4
35.71086,-14.91465,4
35.71086,-14.91465,4
35.71086,-14.91465,4
35.71086,-14.91465,4
35.71086,-14.91465,4
35.71086,-14.91465,4
35.71086,-14.91465,4
35.71086,-14.91465,4
35.98462,-14.99546,4
36.16667,-15.04919,4
35.74251,-14.924,4
35.74251,-14.924,4
35.74251,-14.924,4
35.74251,-14.924,4
35.74251,-14.924,4
35.74251,-14.924,4
35.74251,-14.924,4
35.74251,-14.924,4
35.74251,-14.924,4
35.96697,-14.99025,4
35.96697,-14.99025,4
35.96697,-14.99025,4
35.96697,-14.99025,4
36.23798,-15.07024,4
36.04199,-15.01239,4
36.04199,-15.01239,4
36.04199,-15.01239,4
36.04199,-15.01239,4
36.04199,-15.01239,4
36.04199,-15.01239,4
36.04199,-15.01239,4
36.04199,-15.01239,4
35.82521,-14.94841,4
35.9992,-14.99976,4
36.18256,-15.05394,4
36.18256,-15.05394,4
36.18256,-15.05394,4
36.18256,-15.05394,4
36.18256,-15.05394,4
36.18256,-15.05394,4
36.18256,-15.05394,4
36.18256,-15.05394,4
36.18256,-15.05394,4
31.34919,-13.44822,4
31.20578,-13.40057,4
31.20578,-13.40057,4
31.20578,-13.40057,4
30.89851,-13.2985,4
30.89851,-13.2985,4
30.89851,-13.2985,4
30.89851,-13.2985,4
30.89851,-13.2985,4
30.89851,-13.2985,4
30.89851,-13.2985,4
30.89851,-13.2985,4
30.89851,-13.2985,4
30.72655,-13.24137,4
30.59916,-13.19905,4
30.41605,-13.13822,4
30.41605,-13.13822,4
30.41605,-13.13822,4
30.41605,-13.13822,4
30.41605,-13.13822,4
30.41605,-13.13822,4
30.41605,-13.13822,4
30.41605,-13.13822,4
30.41605,-13.13822,4
30.07103,-13.0236,4
16.10035,-9.751791,4
2.016424,-6.453468,4
-2.553498,-17.74176,4
-2.652414,-18.02051,4
-2.70608,-18.17174,4
-2.70608,-18.17174,4
-2.70608,-18.17174,4
-2.70608,-18.17174,4
-2.70608,-18.17174,4
-2.70608,-18.17174,4
-2.70608,-18.17174,4
-2.70608,-18.17174,4
-2.792902,-18.4164,4
-2.845302,-18.56406,4
-2.845302,-18.56406,4
-2.845302,-18.56406,4
-2.845302,-18.56406,4
-2.905945,-18.73496,4
-2.905945,-18.73496,4
-2.905945,-18.73496,4
-2.905945,-18.73496,4
-2.905945,-18.73496,4
-2.905945,-18.73496,4
-2.905945,-18.73496,4
-2.905945,-18.73496,4
-2.905945,-18.73496,4
-3.098434,-19.27739,4
-2.979649,-18.94265,4
-2.979649,-18.94265,4
-2.979649,-18.94265,4
-2.979649,-18.94265,4
-2.979649,-18.94265,4
-2.979649,-18.94265,4
-2.979649,-18.94265,4
-2.979649,-18.94265,4
-2.979649,-18.94265,4
-3.049277,-19.13886,4
-2.978589,-18.93966,4
-3.051072,-19.14392,4
-3.051072,-19.14392,4
-3.051072,-19.14392,4
-3.051072,-19.14392,4
-3.051072,-19.14392,4
-3.051072,-19.14392,4
-3.051072,-19.14392,4
-3.051072,-19.14392,4
-3.051072,-19.14392,4
-2.986625,-18.96231,4
-2.986625,-18.96231,4
-2.986625,-18.96231,4
-2.986625,-18.96231,4
-3.079433,-19.22384,4
-3.008869,-19.02499,4
-3.008869,-19.02499,4
-3.008869,-19.02499,4
-3.008869,-19.02499,4
-3.008869,-19.02499,4
-3.008869,-19.02499,4
-3.008869,-19.02499,4
-3.008869,-19.02499,4
-2.930554,-18.80431,4
-2.987448,-18.96463,4
-3.061862,-19.17432,4
-3.061862,-19.17432,4
-3.061862,-19.17432,4
-3.061862,-19.17432,4
-3.061862,-19.17432,4
-3.061862,-19.17432,4
-3.061862,-19.17432,4
-3.061862,-19.17432,4
-3.061862,-19.17432,4
9.863119,-13.00272,4
22.89321,-6.780926,4
33.71062,-1.615674,4
33.71062,-1.615674,4
33.71062,-1.615674,4
33.71062,-1.615674,4
33.92683,-1.512433,4
33.92683,-1.512433,4
33.92683,-1.512433,4
33.92683,-1.512433,4
33.92683,-1.512433,4
33.92683,-1.512433,4
33.92683,-1.512433,4
33.92683,-1.512433,4
34.09637,-1.431476,4
34.28188,-1.342898,4
34.44956,-1.26283,4
34.44956,-1.26283,4
34.44956,-1.26283,4
34.44956,-1.26283,4
34.44956,-1.26283,4
34.44956,-1.26283,4
34.44956,-1.26283,4
34.44956,-1.26283,4
34.44956,-1.26283,4
34.68378,-1.150991,4
34.93877,-1.029237,4
34.93877,-1.029237,4
35.1507,-0.928039,4
35.1507,-0.928039,4
35.1507,-0.928039,4
35.1507,-0.928039,4
35.1507,-0.928039,4
35.1507,-0.928039,4
35.1507,-0.928039,4
35.1507,-0.928039,4
35.1507,-0.928039,4
34.99112,-1.004243,4
35.14931,-0.9287001,4
34.94917,-1.024276,4
34.94917,-1.024276,4
34.94917,-1.024276,4
34.94917,-1.024276,4
34.94917,-1.024276,4
34.94917,-1.024276,4
34.94917,-1.024276,4
34.94917,-1.024276,4
34.94917,-1.024276,4
35.15963,-0.9237697,4
20.89371,-2.427458,4
6.39994,-3.955163,4
-8.006996,-5.473717,4
-11.58548,-5.850904,4
-11.58548,-5.850904,4
-11.58548,-5.850904,4
-11.58548,-5.850904,4
-11.58548,-5.850904,4
-11.58548,-5.850904,4
-11.58548,-5.850904,4
-11.58548,-5.850904,4
-11.58548,-5.850904,4
-11.75554,-5.868829,4
-11.90293,-5.884364,4
-11.90293,-5.884364,4
-11.90293,-5.884364,4
-11.90293,-5.884364,4
-12.07955,-5.902981,4
-12.07955,-5.902981,4
-12.07955,-5.902981,4
-12.07955,-5.902981,4
-12.07955,-5.902981,4
-12.07955,-5.902981,4
-12.07955,-5.902981,4
-12.07955,-5.902981,4
-12.07955,-5.902981,4
-12.44607,-5.941614,4
-12.64581,-5.962667,4
-12.64581,-5.962667,4
-12.64581,-5.962667,4
-12.64581,-5.962667,4
-12.64581,-5.962667,4
-12.64581,-5.962667,4
-12.64581,-5.962667,4
-12.64581,-5.962667,4
-12.64581,-5.962667,4
-12.80885,-5.979852,4
-13.03616,-6.003812,4
-12.87774,-5.987113,4
-12.87774,-5.987113,4
-12.87774,-5.987113,4
-13.11134,-6.011736,4
-13.11134,-6.011736,4
-13.11134,-6.011736,4
-13.11134,-6.011736,4
-13.11134,-6.011736,4
-13.11134,-6.011736,4
-13.11134,-6.011736,4
-13.11134,-6.011736,4
-13.11134,-6.011736,4
0.5874918,-10.45657,4
14.36059,-14.92551,4
28.11399,-19.38804,4
28.59035,-19.54261,4
28.59035,-19.54261,4
28.59035,-19.54261,4
28.59035,-19.54261,4
28.59035,-19.54261,4
28.59035,-19.54261,4
28.59035,-19.54261,4
28.84744,-19.62603,4
29.01732,-19.68115,4
29.22268,-19.74778,4
29.22268,-19.74778,4
29.22268,-19.74778,4
29.44669,-19.82047,4
29.44669,-19.82047,4
29.44669,-19.82047,4
29.44669,-19.82047,4
29.44669,-19.82047,4
29.44669,-19.82047,4
29.44669,-19.82047,4
29.44669,-19.82047,4
29.44669,-19.82047,4
29.83216,-19.94554,4
30.1527,-20.04955,4
30.1527,-20.04955,4
30.1527,-20.04955,4
30.1527,-20.04955,4
30.1527,-20.04955,4
30.1527,-20.04955,4
30.1527,-20.04955,4
30.1527,-20.04955,4
30.1527,-20.04955,4
29.99408,-19.99808,4
30.16959,-20.055,4
29.94604,-19.9825,4
29.94604,-19.9825,4
29.94604,-19.9825,4
29.94604,-19.9825,4
29.94604,-19.9825,4
29.94604,-19.9825,4
29.94604,-19.9825,4
29.94604,-19.9825,4
29.94604,-19.9825,4
30.14238,-20.04617,4
33.57818,-8.426549,4
33.57818,-8.426549,4
21.00094,-1.617571,4
8.209169,5.307545,4
-4.588839,12.23603,4
-4.831429,12.36737,4
-4.831429,12.36737,4
-4.831429,12.36737,4
-4.831429,12.36737,4
-4.831429,12.36737,4
-4.831429,12.36737,4
-4.831429,12.36737,4
-4.831429,12.36737,4
-4.981596,12.44866,4
-5.178135,12.55506,4
-5.178135,12.55506,4
-5.178135,12.55506,4
-5.178135,12.55506,4
-5.178135,12.55506,4
-5.178135,12.55506,4
-5.178135,12.55506,4
-5.178135,12.55506,4
-5.178135,12.55506,4
-5.375495,12.66191,4
-5.610127,12.78893,4
-5.781986,12.88197,4
-5.781986,12.88197,4
-6.010663,13.00577,4
-6.010663,13.00577,4
-6.010663,13.00577,4
-6.010663,13.00577,4
-6.010663,13.00577,4
-6.010663,13.00577,4
-6.010663,13.00577,4
-6.010663,13.00577,4
-6.010663,13.00577,4
-5.777522,12.87956,4
-5.967562,12.98244,4
-6.173485,13.09392,4
-6.173485,13.09392,4
-6.173485,13.09392,4
-6.173485,13.09392,4
-6.173485,13.09392,4
-6.173485,13.09392,4
-6.173485,13.09392,4
-6.173485,13.09392,4
-6.173485,13.09392,4
-5.982563,12.99056,4
-14.66467,13.86544,4
-14.66467,13.86544,4
-14.66467,13.86544,4
-14.66467,13.86544,4
-14.66467,13.86544,4
-1.739932,7.517654,4
11.27445,1.125842,4
24.35307,-5.297518,4
36.75238,-11.38725,4
36.75238,-11.38725,4
36.75238,-11.38725,4
36.75238,-11.38725,4
36.75238,-11.38725,4
36.94242,-11.48059,4
37.13557,-11.57545,4
37.29962,-11.65602,4
37.29962,-11.65602,4
37.29962,-11.65602,4
37.29962,-11.65602,4
37.29962,-11.65602,4
37.29962,-11.65602,4
37.29962,-11.65602,4
37.29962,-11.65602,4
37.29962,-11.65602,4
37.51425,-11.76143,4
23.45078,-9.243196,4
9.158749,-6.684035,4
19.00063,3.653162,4
28.99569,13.96396,4
28.99569,13.96396,4
28.99569,13.96396,4
28.99569,13.96396,4
28.99569,13.96396,4
28.99569,13.96396,4
28.99569,13.96396,4
28.99569,13.96396,4
29.13431,14.10697,4
29.25507,14.23154,4
29.40425,14.38543,4
29.40425,14.38543,4
29.40425,14.38543,4
29.40425,14.38543,4
29.40425,14.38543,4
29.40425,14.38543,4
29.40425,14.38543,4
29.40425,14.38543,4
29.40425,14.38543,4
29.53533,14.52065,4
29.53533,14.52065,4
29.53533,14.52065,4
29.53533,14.52065,4
29.73645,14.72812,4
29.86406,14.85976,4
29.86406,14.85976,4
29.86406,14.85976,4
29.86406,14.85976,4
29.86406,14.85976,4
29.86406,14.85976,4
29.86406,14.85976,4
29.86406,14.85976,4
30.00163,15.00168,4
29.85159,14.84698,4
29.98949,14.98917,4
29.98949,14.98917,4
29.98949,14.98917,4
29.98949,14.98917,4
29.98949,14.98917,4
29.98949,14.98917,4
29.98949,14.98917,4
29.98949,14.98917,4
29.98949,14.98917,4
30.16694,15.17212,4
32.60041,1.095813,4
33.7555,-5.585736,4
33.94386,-10.52731,4
33.95178,-10.73516,4
33.95852,-10.91183,4
33.95852,-10.91183,4
33.95852,-10.91183,4
33.95852,-10.91183,4
33.95852,-10.91183,4
33.95852,-10.91183,4
33.95852,-10.91183,4
33.95852,-10.91183,4
33.9692,-11.19221,4
33.97567,-11.36179,4
33.99452,-11.85635,4
33.99452,-11.85635,4
33.99452,-11.85635,4
33.99452,-11.85635,4
33.99452,-11.85635,4
33.99452,-11.85635,4
33.99452,-11.85635,4
33.99452,-11.85635,4
33.99452,-11.85635,4
34.00269,-12.07052,4
33.99343,-11.82774,4
33.99343,-11.82774,4
33.99343,-11.82774,4
33.99994,-11.99843,4
33.99994,-11.99843,4
33.99994,-11.99843,4
33.99994,-11.99843,4
33.99994,-11.99843,4
33.99994,-11.99843,4
33.99994,-11.99843,4
33.99994,-11.99843,4
33.99994,-11.99843,4
34.00645,-12.16542,4
34.00051,-12.01321,4
33.99269,-11.81244,4
33.99269,-11.81244,4
33.99269,-11.81244,4
33.99269,-11.81244,4
33.99269,-11.81244,4
33.99269,-11.81244,4
33.99269,-11.81244,4
33.99269,-11.81244,4
33.99269,-11.81244,4
34.00194,-12.04973,4
22.86181,-3.060836,4
11.51412,6.09554,4
0.2477536,15.1863,4
11.74613,6.830431,4
23.46883,-1.699235,4
35.20837,-10.24114,4
41.16087,-14.57229,4
41.16087,-14.57229,4
41.16087,-14.57229,4
41.16087,-14.57229,4
41.16087,-14.57229,4
41.16087,-14.57229,4
40.16098,-13.84475,4
40.03135,-13.75043,4
39.83077,-13.60448,4
39.83077,-13.60448,4
39.83077,-13.60448,4
39.83077,-13.60448,4
39.83077,-13.60448,4
39.83077,-13.60448,4
39.83077,-13.60448,4
39.83077,-13.60448,4
39.83077,-13.60448,4
39.64318,-13.46799,4
34.89229,-8.022717,4
34.89229,-8.022717,4
27.77176,4.419653,4
20.71967,16.74245,4
20.71967,16.74245,4
20.6218,16.91347,4
20.6218,16.91347,4
20.6218,16.91347,4
20.6218,16.91347,4
20.6218,16.91347,4
20.6218,16.91347,4
20.6218,16.91347,4
20.6218,16.91347,4
20.52884,17.0759,4
20.42417,17.25881,4
20.33209,17.41971,4
20.33209,17.41971,4
20.33209,17.41971,4
20.33209,17.41971,4
20.33209,17.41971,4
20.33209,17.41971,4
20.33209,17.41971,4
20.33209,17.41971,4
20.33209,17.41971,4
20.20896,17.63487,4
20.09153,17.84006,4
20.09153,17.84006,4
19.96987,18.05266,4
19.96987,18.05266,4
19.96987,18.05266,4
19.96987,18.05266,4
19.96987,18.05266,4
19.96987,18.05266,4
19.96987,18.05266,4
19.96987,18.05266,4
19.96987,18.05266,4
20.06048,17.89431,4
19.95737,18.07449,4
20.06074,17.89387,4
20.06074,17.89387,4
20.06074,17.89387,4
20.06074,17.89387,4
20.06074,17.89387,4
20.06074,17.89387,4
20.06074,17.89387,4
20.06074,17.89387,4
20.06074,17.89387,4
19.95201,18.08386,4
5.688911,17.37963,4
-0.6087195,17.06869,4
-0.6087195,17.06869,4
13.6946,15.59942,4
28.06818,14.12293,4
37.54021,13.14995,4
37.54021,13.14995,4
37.54021,13.14995,4
37.54021,13.14995,4
37.54021,13.14995,4
37.54021,13.14995,4
37.54021,13.14995,4
37.72354,13.13112,4
37.90154,13.11283,4
38.1315,13.08921,4
38.1315,13.08921,4
38.1315,13.08921,4
38.1315,13.08921,4
38.1315,13.08921,4
38.1315,13.08921,4
38.1315,13.08921,4
38.1315,13.08921,4
38.1315,13.08921,4
38.32749,13.06908,4
24.47944,9.297401,4
10.51621,5.494357,4
-2.531919,-0.6798193,4
-15.56439,-6.887287,4
-18.65147,-8.357686,4
-18.65147,-8.357686,4
-18.65147,-8.357686,4
-18.65147,-8.357686,4
-18.65147,-8.357686,4
-18.65147,-8.357686,4
-18.65147,-8.357686,4
-18.65147,-8.357686,4
-18.8082,-8.43234,4
-18.96688,-8.507915,4
-19.17059,-8.604945,4
-19.17059,-8.604945,4
-19.17059,-8.604945,4
-19.32625,-8.679088,4
-19.32625,-8.679088,4
-19.32625,-8.679088,4
-19.32625,-8.679088,4
-19.32625,-8.679088,4
-19.32625,-8.679088,4
-19.32625,-8.679088,4
-19.32625,-8.679088,4
-19.32625,-8.679088,4
-19.59207,-8.805698,4
-19.81421,-8.911507,4
-19.81421,-8.911507,4
-19.81421,-8.911507,4
-19.81421,-8.911507,4
-19.81421,-8.911507,4
-19.81421,-8.911507,4
-19.81421,-8.911507,4
-19.81421,-8.911507,4
-19.81421,-8.911507,4
-19.96334,-8.982538,4
-20.1311,-9.062445,4
-19.94,-8.971423,4
-19.94,-8.971423,4
-19.94,-8.971423,4
-19.94,-8.971423,4
-19.94,-8.971423,4
-19.94,-8.971423,4
-19.94,-8.971423,4
-19.94,-8.971423,4
-19.94,-8.971423,4
-20.13247,-9.063099,4
-20.13247,-9.063099,4
-20.13247,-9.063099,4
-20.13247,-9.063099,4
-19.83647,-8.922107,4
-20.0081,-9.00386,4
-20.0081,-9.00386,4
-20.0081,-9.00386,4
-20.0081,-9.00386,4
-20.0081,-9.00386,4
-20.0081,-9.00386,4
-20.0081,-9.00386,4
-20.0081,-9.00386,4
-19.60872,-8.813618,4
-19.7735,-8.892111,4
-19.95652,-8.979287,4
-19.95652,-8.979287,4
-19.95652,-8.979287,4
-19.95652,-8.979287,4
-19.95652,-8.979287,4
-19.95652,-8.979287,4
-19.95652,-8.979287,4
-19.95652,-8.979287,4
-19.95652,-8.979287,4
-6.203649,-4.544362,4
7.614909,-0.08825351,4
21.47809,4.382243,4
35.29914,8.839151,4
40.61643,10.55384,4
40.77842,10.60608,4
40.77842,10.60608,4
40.77842,10.60608,4
40.77842,10.60608,4
40.77842,10.60608,4
40.77842,10.60608,4
40.77842,10.60608,4
40.77842,10.60608,4
40.96909,10.66756,4
41.09384,10.70779,4
41.39521,10.80497,4
41.39521,10.80497,4
41.39521,10.80497,4
41.39521,10.80497,4
41.39521,10.80497,4
41.39521,10.80497,4
41.39521,10.80497,4
41.39521,10.80497,4
41.39521,10.80497,4
41.61709,10.87652,4
41.85476,10.95317,4
27.93912,11.94028,4
14.64625,6.226595,4
1.401719,0.4548896,4
-11.83267,-5.312401,4
-16.72858,-7.445942,4
-16.72858,-7.445942,4
-16.72858,-7.445942,4
-16.72858,-7.445942,4
-16.72858,-7.445942,4
-16.72858,-7.445942,4
-16.72858,-7.445942,4
-16.72858,-7.445942,4
-16.89897,-7.520196,4
-17.03452,-7.579264,4
-17.03452,-7.579264,4
-17.03452,-7.579264,4
-17.03452,-7.579264,4
-17.03452,-7.579264,4
-17.03452,-7.579264,4
-17.03452,-7.579264,4
-17.03452,-7.579264,4
-17.03452,-7.579264,4
-17.24952,-7.672958,4
-17.50476,-7.784186,4
-9.888281,4.390677,4
-2.721646,15.84646,4
-14.10433,7.199683,4
-15.82987,5.888886,4
-15.82987,5.888886,4
-15.82987,5.888886,4
-15.82987,5.888886,4
-15.82987,5.888886,4
-15.82987,5.888886,4
-15.82987,5.888886,4
-15.82987,5.888886,4
-15.9759,5.777957,4
-16.14881,5.646601,4
-16.33136,5.507927,4
-16.33136,5.507927,4
-16.33136,5.507927,4
-16.33136,5.507927,4
-16.33136,5.507927,4
-16.33136,5.507927,4
-16.33136,5.507927,4
-16.33136,5.507927,4
-16.33136,5.507927,4
-16.5102,5.372071,4
-16.69008,5.235431,4
-16.69008,5.235431,4
-16.69008,5.235431,4
-16.83779,5.123219,4
-16.83779,5.123219,4
-16.83779,5.123219,4
-16.83779,5.123219,4
-16.83779,5.123219,4
-16.83779,5.123219,4
-16.83779,5.123219,4
-16.83779,5.123219,4
-16.83779,5.123219,4
-16.97682,5.017606,4
-17.17463,4.867353,4
-17.06692,4.949165,4
-17.06692,4.949165,4
-17.06692,4.949165,4
-17.06692,4.949165,4
-17.06692,4.949165,4
-17.06692,4.949165,4
-17.06692,4.949165,4
-17.06692,4.949165,4
-17.06692,4.949165,4
-16.84686,5.116322,4
-16.97031,-0.6199448,4
-16.97031,-0.6199448,4
-16.09429,-14.50535,4
-16.09429,-14.50535,4
-16.09429,-14.50535,4
-1.780035,-15.26359,4
12.65425,-16.0282,4
27.15211,-16.79617,4
29.52036,-16.92162,4
29.52036,-16.92162,4
29.52036,-16.92162,4
29.52036,-16.92162,4
29.52036,-16.92162,4
29.71353,-16.93185,4
29.90735,-16.94212,4
30.05449,-16.94991,4
30.05449,-16.94991,4
30.05449,-16.94991,4
30.05449,-16.94991,4
30.05449,-16.94991,4
30.05449,-16.94991,4
30.05449,-16.94991,4
30.05449,-16.94991,4
30.05449,-16.94991,4
30.30378,-16.96312,4
33.49731,-8.35501,4
33.49731,-8.35501,4
33.06671,0.6108073,4
33.0607,0.7359124,4
33.0607,0.7359124,4
33.0607,0.7359124,4
33.0607,0.7359124,4
33.0607,0.7359124,4
33.0607,0.7359124,4
33.0607,0.7359124,4
33.0607,0.7359124,4
33.05114,0.9351073,4
33.04292,1.10622,4
33.03481,1.27522,4
33.03481,1.27522,4
33.03481,1.27522,4
33.03481,1.27522,4
33.03481,1.27522,4
33.03481,1.27522,4
33.03481,1.27522,4
33.03481,1.27522,4
33.03481,1.27522,4
33.02485,1.482535,4
33.01271,1.735335,4
33.01271,1.735335,4
33.01271,1.735335,4
33.00067,1.986062,4
33.00067,1.986062,4
33.00067,1.986062,4
33.00067,1.986062,4
33.00067,1.986062,4
33.00067,1.986062,4
33.00067,1.986062,4
33.00067,1.986062,4
33.00067,1.986062,4
32.98968,2.215467,4
32.99789,2.043952,4
33.0055,1.885266,4
33.0055,1.885266,4
33.0055,1.885266,4
33.0055,1.885266,4
33.0055,1.885266,4
33.0055,1.885266,4
33.0055,1.885266,4
33.0055,1.885266,4
33.0055,1.885266,4
32.99456,2.113652,4
19.56438,-2.194808,4
5.81235,-6.606523,4
-7.928439,-11.01463,4
-9.722773,-11.59026,4
-9.722773,-11.59026,4
-9.722773,-11.59026,4
-9.722773,-11.59026,4
-9.722773,-11.59026,4
-9.722773,-11.59026,4
-9.722773,-11.59026,4
-9.722773,-11.59026,4
-9.722773,-11.59026,4
-9.902719,-11.64799,4
-10.0967,-11.71022,4
-10.30178,-11.77601,4
-10.30178,-11.77601,4
-10.30178,-11.77601,4
-10.30178,-11.77601,4
-10.30178,-11.77601,4
-10.30178,-11.77601,4
-10.30178,-11.77601,4
-10.30178,-11.77601,4
-10.30178,-11.77601,4
-10.51894,-11.84568,4
-16.22942,-3.170623,4
-16.22942,-3.170623,4
-3.020309,2.256032,4
10.42413,7.779363,4
23.81913,13.28239,4
26.69601,14.46428,4
26.69601,14.46428,4
26.69601,14.46428,4
26.69601,14.46428,4
26.69601,14.46428,4
26.69601,14.46428,4
26.69601,14.46428,4
26.69601,14.46428,4
26.93289,14.5616,4
27.11104,14.63479,4
27.27887,14.70374,4
27.27887,14.70374,4
27.27887,14.70374,4
27.27887,14.70374,4
27.27887,14.70374,4
27.27887,14.70374,4
27.27887,14.70374,4
27.27887,14.70374,4
27.27887,14.70374,4
27.48771,14.78954,4
16.96963,5.792522,4
5.92249,-3.657052,4
-3.9166,-12.07327,4
-3.9166,-12.07327,4
-3.9166,-12.07327,4
-3.9166,-12.07327,4
-3.9166,-12.07327,4
-3.9166,-12.07327,4
-3.9166,-12.07327,4
-3.9166,-12.07327,4
-3.9166,-12.07327,4
-4.062834,-12.19836,4
-4.20018,-12.31584,4
-4.352659,-12.44627,4
-4.352659,-12.44627,4
-4.352659,-12.44627,4
-4.352659,-12.44627,4
-4.352659,-12.44627,4
-4.352659,-12.44627,4
-4.352659,-12.44627,4
-4.352659,-12.44627,4
-4.352659,-12.44627,4
-4.527093,-12.59548,4
-4.714805,-12.75605,4
-4.714805,-12.75605,4
-4.714805,-12.75605,4
-4.88941,-12.9054,4
-4.88941,-12.9054,4
-4.88941,-12.9054,4
-4.88941,-12.9054,4
-4.88941,-12.9054,4
-4.88941,-12.9054,4
-4.88941,-12.9054,4
-4.88941,-12.9054,4
-4.88941,-12.9054,4
-5.056773,-13.04856,4
-4.902467,-12.91657,4
-5.070703,-13.06048,4
-5.070703,-13.06048,4
-5.070703,-13.06048,4
-5.070703,-13.06048,4
-5.070703,-13.06048,4
-5.070703,-13.06048,4
-5.070703,-13.06048,4
-5.070703,-13.06048,4
-5.070703,-13.06048,4
-4.89596,-12.91101,4
9.488782,-13.82448,4
23.97859,-14.74463,4
26.62007,-14.91237,4
26.85048,-14.927,4
26.85048,-14.927,4
26.85048,-14.927,4
26.85048,-14.927,4
26.85048,-14.927,4
26.85048,-14.927,4
26.85048,-14.927,4
26.85048,-14.927,4
26.85048,-14.927,4
27.02833,-14.93829,4
27.2347,-14.9514,4
27.42492,-14.96348,4
27.42492,-14.96348,4
27.42492,-14.96348,4
27.42492,-14.96348,4
27.42492,-14.96348,4
27.42492,-14.96348,4
27.42492,-14.96348,4
27.42492,-14.96348,4
27.42492,-14.96348,4
27.61026,-14.97525,4
32.01917,-1.37004,4
36.4814,12.3997,4
36.64116,12.89273,4
36.72493,13.15121,4
36.72493,13.15121,4
36.72493,13.15121,4
36.72493,13.15121,4
36.72493,13.15121,4
36.72493,13.15121,4
36.72493,13.15121,4
36.72493,13.15121,4
36.72493,13.15121,4
36.79111,13.35544,4
36.85449,13.55101,4
36.92142,13.75753,4
36.92142,13.75753,4
36.92142,13.75753,4
34.92101,-0.4560753,4
34.20407,-5.550127,4
35.58443,8.707771,4
35.85617,11.51451,4
35.85617,11.51451,4
35.85617,11.51451,4
35.85617,11.51451,4
35.85617,11.51451,4
35.85617,11.51451,4
35.85617,11.51451,4
35.85617,11.51451,4
35.85617,11.51451,4
35.8695,11.65222,4
35.8695,11.65222,4
35.8695,11.65222,4
35.8695,11.65222,4
35.8695,11.65222,4
35.8695,11.65222,4
35.8695,11.65222,4
35.8695,11.65222,4
35.88698,11.83269,4
35.90628,12.03209,4
35.91943,12.1679,4
35.91943,12.1679,4
35.91943,12.1679,4
35.91943,12.1679,4
35.91943,12.1679,4
35.91943,12.1679,4
35.91943,12.1679,4
35.91943,12.1679,4
35.91943,12.1679,4
35.94136,12.39439,4
22.10375,8.632042,4
8.089829,4.821758,4
21.25227,10.37724,4
34.65594,16.0142,4
35.63323,16.4252,4
35.63323,16.4252,4
35.63323,16.4252,4
35.63323,16.4252,4
35.63323,16.4252,4
35.63323,16.4252,4
35.63323,16.4252,4
35.80899,16.49911,4
35.96402,16.56431,4
36.14707,16.64129,4
36.14707,16.64129,4
36.14707,16.64129,4
36.14707,16.64129,4
36.14707,16.64129,4
36.14707,16.64129,4
36.14707,16.64129,4
36.14707,16.64129,4
36.14707,16.64129,4
36.33509,16.72037,4
36.33509,16.72037,4
36.33509,16.72037,4
36.33509,16.72037,4
36.58315,16.82469,4
36.76958,16.9031,4
36.76958,16.9031,4
36.76958,16.9031,4
36.76958,16.9031,4
36.76958,16.9031,4
36.76958,16.9031,4
36.76958,16.9031,4
36.76958,16.9031,4
36.9971,16.99878,4
37.19746,17.08301,4
37.02589,17.01088,4
37.02589,17.01088,4
37.02589,17.01088,4
37.02589,17.01088,4
37.02589,17.01088,4
37.02589,17.01088,4
37.02589,17.01088,4
37.02589,17.01088,4
37.02589,17.01088,4
36.75678,16.89776,4
22.3742,17.22971,4
7.830864,17.56538,4
-6.746649,17.90183,4
-9.503502,17.96546,4
-9.503502,17.96546,4
-9.503502,17.96546,4
-9.503502,17.96546,4
-9.503502,17.96546,4
-9.503502,17.96546,4
-9.503502,17.96546,4
-9.503502,17.96546,4
-9.503502,17.96546,4
-9.712328,17.97028,4
-9.918669,17.97504,4
-10.1331,17.97999,4
-10.1331,17.97999,4
-10.1331,17.97999,4
-10.1331,17.97999,4
-10.1331,17.97999,4
-10.1331,17.97999,4
-10.1331,17.97999,4
-10.1331,17.97999,4
-10.1331,17.97999,4
-10.35494,17.98511,4
2.194753,10.91588,4
14.79727,3.816883,4
25.13789,-6.29688,4
33.94642,-14.9634,4
33.94642,-14.9634,4
34.05441,-15.06965,4
34.05441,-15.06965,4
34.05441,-15.06965,4
34.05441,-15.06965,4
34.05441,-15.06965,4
34.05441,-15.06965,4
34.05441,-15.06965,4
34.05441,-15.06965,4
34.20422,-15.21704,4
34.35213,-15.36257,4
34.35213,-15.36257,4
34.35213,-15.36257,4
34.35213,-15.36257,4
34.35213,-15.36257,4
34.35213,-15.36257,4
34.35213,-15.36257,4
34.35213,-15.36257,4
34.35213,-15.36257,4
34.47074,-15.47927,4
34.62263,-15.62871,4
34.62263,-15.62871,4
34.62263,-15.62871,4
34.80743,-15.81054,4
34.80743,-15.81054,4
34.80743,-15.81054,4
34.80743,-15.81054,4
34.80743,-15.81054,4
34.80743,-15.81054,4
34.80743,-15.81054,4
34.80743,-15.81054,4
34.80743,-15.81054,4
34.92664,-15.92782,4
35.09119,-16.08972,4
34.8694,-15.8715,4
34.8694,-15.8715,4
34.8694,-15.8715,4
34.8694,-15.8715,4
34.8694,-15.8715,4
34.8694,-15.8715,4
34.8694,-15.8715,4
34.8694,-15.8715,4
34.8694,-15.8715,4
21.05335,-12.17666,4
6.99463,-8.416922,4
-6.692066,-13.18317,4
-7.632014,-13.51584,4
-7.632014,-13.51584,4
-7.632014,-13.51584,4
-7.632014,-13.51584,4
-7.632014,-13.51584,4
-7.632014,-13.51584,4
-7.632014,-13.51584,4
-7.632014,-13.51584,4
-7.632014,-13.51584,4
-7.632014,-13.51584,4
-7.816477,-13.58112,4
-7.985341,-13.64089,4
-8.186644,-13.71213,4
-8.186644,-13.71213,4
-8.186644,-13.71213,4
-8.186644,-13.71213,4
-8.186644,-13.71213,4
-8.186644,-13.71213,4
-8.186644,-13.71213,4
-8.186644,-13.71213,4
-8.186644,-13.71213,4
-8.374623,-13.77866,4
-8.603971,-13.85984,4
-8.603971,-13.85984,4
-8.603971,-13.85984,4
-8.838503,-13.94284,4
-8.838503,-13.94284,4
-8.838503,-13.94284,4
-8.838503,-13.94284,4
-8.838503,-13.94284,4
-8.838503,-13.94284,4
-8.838503,-13.94284,4
-8.838503,-13.94284,4
-8.838503,-13.94284,4
-8.994125,-13.99792,4
-9.160111,-14.05666,4
-8.985561,-13.99489,4
-8.985561,-13.99489,4
-8.985561,-13.99489,4
-8.985561,-13.99489,4
-8.985561,-13.99489,4
-8.985561,-13.99489,4
-8.985561,-13.99489,4
-8.985561,-13.99489,4
-8.985561,-13.99489,4
-9.175508,-14.06211,4
-16.18719,-3.253008,4
-16.18719,-3.253008,4
-2.342898,-7.203307,4
11.58954,-11.17876,4
25.5767,-15.16982,4
37.63239,-18.60976,4
37.63239,-18.60976,4
37.63239,-18.60976,4
37.63239,-18.60976,4
37.63239,-18.60976,4
37.63239,-18.60976,4
37.63239,-18.60976,4
37.63239,-18.60976,4
37.79653,-18.6566,4
37.99569,-18.71343,4
38.14486,-18.75599,4
38.14486,-18.75599,4
38.14486,-18.75599,4
38.14486,-18.75599,4
38.14486,-18.75599,4
38.14486,-18.75599,4
38.14486,-18.75599,4
38.14486,-18.75599,4
38.14486,-18.75599,4
38.36602,-18.8191,4
38.61489,-18.89011,4
38.61489,-18.89011,4
38.80475,-18.94429,4
38.80475,-18.94429,4
38.80475,-18.94429,4
38.80475,-18.94429,4
38.80475,-18.94429,4
38.80475,-18.94429,4
38.80475,-18.94429,4
38.80475,-18.94429,4
38.80475,-18.94429,4
38.9824,-18.99498,4
39.18084,-19.05161,4
38.9652,-18.99007,4
38.9652,-18.99007,4
38.9652,-18.99007,4
38.9652,-18.99007,4
38.9652,-18.99007,4
38.9652,-18.99007,4
38.9652,-18.99007,4
38.9652,-18.99007,4
38.9652,-18.99007,4
39.15292,-19.04364,4
34.56551,-8.321693,4
34.56551,-8.321693,4
20.3314,-8.501939,4
5.801537,-8.685935,4
-8.699862,-8.869572,4
-17.53812,-8.981493,4
-17.53812,-8.981493,4
-17.53812,-8.981493,4
-17.53812,-8.981493,4
-17.53812,-8.981493,4
-17.53812,-8.981493,4
-17.53812,-8.981493,4
-17.72927,-8.983912,4
-17.87075,-8.985703,4
-18.08544,-8.988421,4
-18.08544,-8.988421,4
-18.08544,-8.988421,4
-18.08544,-8.988421,4
-18.08544,-8.988421,4
-18.08544,-8.988421,4
-18.08544,-8.988421,4
-18.08544,-8.988421,4
-18.08544,-8.988421,4
-18.31486,-8.991326,4
-18.62288,-8.995226,4
-18.62288,-8.995226,4
-18.62288,-8.995226,4
-18.89485,-8.998669,4
-18.89485,-8.998669,4
-19.08499,-9.001076,4
-19.08499,-9.001076,4
-19.08499,-9.001076,4
-19.08499,-9.001076,4
-19.08499,-9.001076,4
-19.08499,-9.001076,4
-19.08499,-9.001076,4
-19.08499,-9.001076,4
-18.90485,-8.998796,4
-19.10737,-9.001359,4
-18.95005,-8.999368,4
-18.95005,-8.999368,4
-18.95005,-8.999368,4
-18.95005,-8.999368,4
-18.95005,-8.999368,4
-18.95005,-8.999368,4
-18.95005,-8.999368,4
-18.95005,-8.999368,4
-18.95005,-8.999368,4
-19.15172,-9.001921,4
-4.864809,-9.839297,4
9.607783,-10.68755,4
24.13471,-11.539,4
30.55746,-11.91545,4
30.55746,-11.91545,4
30.55746,-11.91545,4
30.55746,-11.91545,4
30.55746,-11.91545,4
30.55746,-11.91545,4
30.55746,-11.91545,4
30.55746,-11.91545,4
30.73362,-11.92577,4
30.96431,-11.93929,4
31.15355,-11.95039,4
31.15355,-11.95039,4
31.15355,-11.95039,4
31.15355,-11.95039,4
31.15355,-11.95039,4
31.15355,-11.95039,4
31.15355,-11.95039,4
31.15355,-11.95039,4
31.15355,-11.95039,4
31.37722,-11.9635,4
31.68341,-11.98144,4
31.68341,-11.98144,4
31.68341,-11.98144,4
31.9346,-11.99617,4
31.9346,-11.99617,4
31.9346,-11.99617,4
31.9346,-11.99617,4
31.9346,-11.99617,4
31.9346,-11.99617,4
31.9346,-11.99617,4
31.9346,-11.99617,4
31.9346,-11.99617,4
32.11268,-12.0066,4
31.94751,-11.99692,4
32.12729,-12.00746,4
32.12729,-12.00746,4
32.12729,-12.00746,4
32.12729,-12.00746,4
32.12729,-12.00746,4
32.12729,-12.00746,4
32.12729,-12.00746,4
32.12729,-12.00746,4
32.12729,-12.00746,4
31.92039,-11.99533,4
17.64981,-11.997,4
3.204994,-11.99869,4
-6.574611,-11.99984,4
-6.847213,-11.99987,4
-6.847213,-11.99987,4
-6.847213,-11.99987,4
-6.847213,-11.99987,4
-6.847213,-11.99987,4
-6.847213,-11.99987,4
-6.847213,-11.99987,4
-6.847213,-11.99987,4
-6.847213,-11.99987,4
-7.011821,-11.99989,4
-7.177377,-11.99991,4
-7.391336,-11.99993,4
-7.391336,-11.99993,4
-7.391336,-11.99993,4
-7.391336,-11.99993,4
-7.391336,-11.99993,4
-7.391336,-11.99993,4
-7.391336,-11.99993,4
-7.391336,-11.99993,4
-7.391336,-11.99993,4
-7.599573,-11.99995,4
6.65602,-10.28654,4
21.0645,-8.554751,4
6.767073,-8.344577,4
-7.794878,-8.149842,4
-17.62289,-8.018414,4
-17.76817,-8.016472,4
-17.76817,-8.016472,4
-17.76817,-8.016472,4
-17.76817,-8.016472,4
-17.76817,-8.016472,4
-17.76817,-8.016472,4
-17.76817,-8.016472,4
-17.76817,-8.016472,4
-17.94363,-8.014126,4
-18.15095,-8.011353,4
-18.31334,-8.009182,4
-18.31334,-8.009182,4
-18.31334,-8.009182,4
-18.31334,-8.009182,4
-18.31334,-8.009182,4
-18.31334,-8.009182,4
-18.31334,-8.009182,4
-18.31334,-8.009182,4
-18.31334,-8.009182,4
-18.5391,-8.006163,4
-5.397017,-2.358909,4
7.857614,3.336707,4
21.14294,9.045517,4
33.66153,14.42485,4
33.66153,14.42485,4
33.66153,14.42485,4
33.66153,14.42485,4
33.66153,14.42485,4
33.66153,14.42485,4
33.66153,14.42485,4
33.66153,14.42485,4
33.81203,14.48952,4
33.9822,14.56264,4
34.1604,14.63922,4
34.1604,14.63922,4
34.1604,14.63922,4
34.1604,14.63922,4
34.1604,14.63922,4
34.1604,14.63922,4
34.1604,14.63922,4
34.1604,14.63922,4
34.1604,14.63922,4
34.36337,14.72643,4
26.36499,17.52278,4
26.36499,17.52278,4
26.36499,17.52278,4
26.12982,17.60499,4
25.96947,17.66106,4
25.96947,17.66106,4
25.96947,17.66106,4
25.96947,17.66106,4
25.96947,17.66106,4
25.96947,17.66106,4
25.96947,17.66106,4
25.96947,17.66106,4
25.78524,17.72547,4
25.62946,17.77993,4
25.45638,17.84044,4
25.45638,17.84044,4
25.45638,17.84044,4
25.45638,17.84044,4
25.45638,17.84044,4
25.45638,17.84044,4
25.45638,17.84044,4
25.45638,17.84044,4
25.45638,17.84044,4
25.26602,17.90699,4
25.04806,17.9832,4
25.04806,17.9832,4
25.04806,17.9832,4
24.77168,18.07982,4
24.77168,18.07982,4
24.77168,18.07982,4
24.77168,18.07982,4
24.77168,18.07982,4
24.77168,18.07982,4
24.77168,18.07982,4
24.77168,18.07982,4
24.77168,18.07982,4
24.93691,18.02206,4
25.10648,17.96278,4
24.92783,18.02523,4
24.92783,18.02523,4
24.92783,18.02523,4
24.92783,18.02523,4
24.92783,18.02523,4
24.92783,18.02523,4
24.92783,18.02523,4
24.92783,18.02523,4
24.92783,18.02523,4
25.12866,17.95502,4
32.6872,15.43728,4
32.88276,15.37214,4
32.88276,15.37214,4
33.12079,15.29286,4
33.12079,15.29286,4
33.12079,15.29286,4
33.12079,15.29286,4
33.12079,15.29286,4
33.12079,15.29286,4
33.12079,15.29286,4
33.12079,15.29286,4
33.12079,15.29286,4
33.29065,15.23628,4
33.44902,15.18353,4
33.64444,15.11843,4
33.64444,15.11843,4
33.64444,15.11843,4
33.64444,15.11843,4
33.64444,15.11843,4
33.64444,15.11843,4
33.64444,15.11843,4
33.64444,15.11843,4
33.64444,15.11843,4
33.96297,15.01233,4
34.33366,14.88886,4
34.1224,1.030284,4
34.02189,-5.563628,4
20.06791,-9.10819,4
6.076867,-12.66217,4
-7.945775,-16.22417,4
-15.02085,-18.02137,4
-15.02085,-18.02137,4
-15.02085,-18.02137,4
-15.02085,-18.02137,4
-15.02085,-18.02137,4
-15.02085,-18.02137,4
-15.02085,-18.02137,4
-12.35923,-17.34527,4
-12.17583,-17.29868,4
-12.17583,-17.29868,4
-12.17583,-17.29868,4
-12.17583,-17.29868,4
-12.17583,-17.29868,4
-12.17583,-17.29868,4
-12.17583,-17.29868,4
-12.17583,-17.29868,4
-12.17583,-17.29868,4
-11.9902,-17.25153,4
-11.79076,-17.20087,4
-11.79076,-17.20087,4
-11.79076,-17.20087,4
-11.48124,-17.12225,4
-11.48124,-17.12225,4
-11.48124,-17.12225,4
-11.48124,-17.12225,4
-11.48124,-17.12225,4
-11.48124,-17.12225,4
-11.48124,-17.12225,4
-11.48124,-17.12225,4
-11.48124,-17.12225,4
-11.31327,-17.07958,4
-11.14307,-17.03634,4
-10.94615,-16.98632,4
-10.94615,-16.98632,4
-10.94615,-16.98632,4
-10.94615,-16.98632,4
-10.94615,-16.98632,4
-10.94615,-16.98632,4
-10.94615,-16.98632,4
-10.94615,-16.98632,4
-10.94615,-16.98632,4
-11.15638,-17.03972,4
2.860625,-13.9233,4
16.96308,-10.78787,4
27.70799,-1.188612,4
37.95473,8.056862,4
37.95473,8.056862,4
37.95473,8.056862,4
37.95473,8.056862,4
37.95473,8.056862,4
37.95473,8.056862,4
37.95473,8.056862,4
37.95473,8.056862,4
37.95473,8.056862,4
38.09675,8.185007,4
38.22359,8.299455,4
38.36235,8.424661,4
38.36235,8.424661,4
38.36235,8.424661,4
38.36235,8.424661,4
38.36235,8.424661,4
38.36235,8.424661,4
38.36235,8.424661,4
38.36235,8.424661,4
38.36235,8.424661,4
38.50814,8.556204,4
38.79696,6.467968,4
36.73003,3.16617,4
36.73003,3.16617,4
36.73003,3.16617,4
36.73003,3.16617,4
36.63841,3.01982,4
36.63841,3.01982,4
36.63841,3.01982,4
36.63841,3.01982,4
36.63841,3.01982,4
36.63841,3.01982,4
36.63841,3.01982,4
36.63841,3.01982,4
36.54573,2.871777,4
36.44295,2.70758,4
36.44295,2.70758,4
36.44295,2.70758,4
36.44295,2.70758,4
36.44295,2.70758,4
36.44295,2.70758,4
36.44295,2.70758,4
36.44295,2.70758,4
36.44295,2.70758,4
36.3369,2.538172,4
36.19576,2.312707,4
22.19044,5.418351,4
8.066113,8.550385,4
-6.136407,11.69976,4
-10.67277,12.70569,4
-10.94101,12.76517,4
-10.94101,12.76517,4
-10.94101,12.76517,4
-10.94101,12.76517,4
-10.94101,12.76517,4
-10.94101,12.76517,4
-10.94101,12.76517,4
-10.94101,12.76517,4
-11.12171,12.80524,4
-11.28822,12.84216,4
-11.43941,12.87569,4
-11.43941,12.87569,4
-11.43941,12.87569,4
-11.43941,12.87569,4
-11.43941,12.87569,4
-11.43941,12.87569,4
-11.43941,12.87569,4
-11.43941,12.87569,4
-11.43941,12.87569,4
-11.67808,12.92862,4
1.494063,7.181818,4
14.81746,1.369035,4
28.71995,5.220556,4
40.58789,8.598125,4
40.58789,8.598125,4
40.58789,8.598125,4
40.58789,8.598125,4
40.58789,8.598125,4
40.58789,8.598125,4
40.58789,8.598125,4
40.58789,8.598125,4
40.7895,8.655501,4
41.07275,8.736111,4
41.30635,8.802592,4
41.30635,8.802592,4
41.30635,8.802592,4
41.30635,8.802592,4
41.30635,8.802592,4
41.30635,8.802592,4
41.30635,8.802592,4
41.30635,8.802592,4
41.30635,8.802592,4
41.51066,8.860738,4
41.71548,8.919028,4
41.71548,8.919028,4
41.71548,8.919028,4
41.93266,8.980835,4
41.93266,8.980835,4
41.93266,8.980835,4
41.93266,8.980835,4
41.93266,8.980835,4
41.93266,8.980835,4
41.93266,8.980835,4
41.93266,8.980835,4
41.93266,8.980835,4
42.09143,9.026023,4
41.92993,8.980059,4
42.10284,9.029269,4
42.10284,9.029269,4
42.10284,9.029269,4
42.10284,9.029269,4
42.10284,9.029269,4
42.10284,9.029269,4
42.10284,9.029269,4
42.10284,9.029269,4
42.10284,9.029269,4
41.90992,8.974361,4
27.75749,6.337901,4
13.49934,3.681744,4
25.42133,11.41231,4
29.84302,14.25593,4
29.84302,14.25593,4
29.84302,14.25593,4
29.84302,14.25593,4
29.84302,14.25593,4
29.84302,14.25593,4
29.84302,14.25593,4
29.84302,14.25593,4
29.84302,14.25593,4
29.98103,14.34469,4
30.12157,14.43507,4
30.28069,14.53741,4
30.28069,14.53741,4
30.28069,14.53741,4
30.28069,14.53741,4
30.28069,14.53741,4
30.28069,14.53741,4
30.28069,14.53741,4
30.28069,14.53741,4
30.28069,14.53741,4
30.44553,14.64341,4
30.62971,14.76186,4
30.62971,14.76186,4
30.62971,14.76186,4
30.83055,14.89103,4
30.83055,14.89103,4
30.97367,14.98307,4
30.97367,14.98307,4
30.97367,14.98307,4
30.97367,14.98307,4
30.97367,14.98307,4
30.97367,14.98307,4
30.97367,14.98307,4
30.97367,14.98307,4
31.11247,15.07233,4
30.96271,14.97602,4
31.30455,15.19585,4
31.30455,15.19585,4
31.30455,15.19585,4
31.30455,15.19585,4
31.30455,15.19585,4
31.30455,15.19585,4
31.30455,15.19585,4
31.30455,15.19585,4
31.30455,15.19585,4
31.1083,15.06964,4
30.89779,14.93427,4
30.89779,14.93427,4
31.08749,15.05627,4
31.08749,15.05627,4
31.08749,15.05627,4
31.08749,15.05627,4
31.08749,15.05627,4
31.08749,15.05627,4
31.08749,15.05627,4
31.08749,15.05627,4
31.08749,15.05627,4
30.92912,14.95442,4
31.0878,15.05646,4
30.84276,14.89888,4
30.84276,14.89888,4
30.84276,14.89888,4
30.84276,14.89888,4
30.84276,14.89888,4
30.84276,14.89888,4
30.84276,14.89888,4
30.84276,14.89888,4
30.84276,14.89888,4
18.8561,6.992125,4
32.99204,5.569621,4
19.46174,10.01135,4
5.61144,14.52147,4
19.63914,13.10642,4
34.09822,11.61056,4
38.51719,11.1534,4
38.51719,11.1534,4
38.51719,11.1534,4
38.51719,11.1534,4
38.51719,11.1534,4
38.51719,11.1534,4
38.51719,11.1534,4
38.51719,11.1534,4
38.69373,11.13514,4
38.88968,11.11487,4
39.05433,11.09783,4
39.05433,11.09783,4
39.05433,11.09783,4
39.05433,11.09783,4
39.05433,11.09783,4
39.05433,11.09783,4
39.05433,11.09783,4
39.05433,11.09783,4
39.05433,11.09783,4
39.29698,11.07273,4
25.35475,13.07383,4
10.95191,15.14104,4
3.314241,2.903777,4
-4.210668,-9.428624,4
-6.27847,-12.8175,4
-6.27847,-12.8175,4
-6.27847,-12.8175,4
-6.27847,-12.8175,4
-6.27847,-12.8175,4
-6.27847,-12.8175,4
-6.27847,-12.8175,4
-6.27847,-12.8175,4
-6.365115,-12.9595,4
-6.455867,-13.10823,4
-6.550328,-13.26304,4
-6.550328,-13.26304,4
-6.550328,-13.26304,4
-6.550328,-13.26304,4
-6.550328,-13.26304,4
-6.550328,-13.26304,4
-6.550328,-13.26304,4
-6.550328,-13.26304,4
-6.550328,-13.26304,4
-6.673599,-13.46507,4
-6.781413,-13.64176,4
-6.929353,-13.88422,4
-6.929353,-13.88422,4
-6.929353,-13.88422,4
-6.929353,-13.88422,4
-6.929353,-13.88422,4
-6.929353,-13.88422,4
-6.929353,-13.88422,4
-6.929353,-13.88422,4
-6.929353,-13.88422,4
-6.929353,-13.88422,4
-7.019992,-14.03277,4
-6.950258,-13.91848,4
-7.057294,-14.0939,4
-7.057294,-14.0939,4
-7.057294,-14.0939,4
-7.057294,-14.0939,4
-7.057294,-14.0939,4
-7.057294,-14.0939,4
-7.057294,-14.0939,4
-7.057294,-14.0939,4
-7.057294,-14.0939,4
-6.939054,-13.90012,4
-6.966409,0.4191718,4
-6.994117,14.91999,4
-6.997227,16.5479,4
-6.997681,16.78548,4
-6.997681,16.78548,4
-6.997681,16.78548,4
-6.997681,16.78548,4
-6.997681,16.78548,4
-6.997681,16.78548,4
-6.997681,16.78548,4
-6.997681,16.78548,4
-6.997681,16.78548,4
-6.998017,16.96177,4
-6.998574,17.25333,4
-6.998934,17.44178,4
-6.998934,17.44178,4
-6.998934,17.44178,4
-6.998934,17.44178,4
-6.998934,17.44178,4
-6.998934,17.44178,4
-6.998934,17.44178,4
-6.998934,17.44178,4
-6.998934,17.44178,4
-6.999331,17.64974,4
7.028629,14.38832,4
11.5631,13.33407,4
11.5631,13.33407,4
-2.595281,15.85818,4
-7.541683,16.74001,4
-7.541683,16.74001,4
-7.541683,16.74001,4
-7.541683,16.74001,4
-7.541683,16.74001,4
-7.541683,16.74001,4
-7.541683,16.74001,4
-7.541683,16.74001,4
-7.710484,16.7701,4
-7.902365,16.80431,4
-8.083573,16.83662,4
-8.083573,16.83662,4
-8.083573,16.83662,4
-8.083573,16.83662,4
-8.083573,16.83662,4
-8.083573,16.83662,4
-8.083573,16.83662,4
-8.083573,16.83662,4
-8.083573,16.83662,4
-8.256563,16.86746,4
-8.472259,16.90591,4
-14.20864,4.188413,4
-16.44826,-0.7767994,4
-8.094431,-12.09674,4
-3.824714,-17.88247,4
-3.745496,-17.98981,4
-3.745496,-17.98981,4
-3.745496,-17.98981,4
-3.745496,-17.98981,4
-3.745496,-17.98981,4
-3.745496,-17.98981,4
-3.745496,-17.98981,4
-3.745496,-17.98981,4
-3.644496,-18.12667,4
-3.524819,-18.28884,4
-3.428019,-18.42001,4
-3.428019,-18.42001,4
-3.428019,-18.42001,4
-3.428019,-18.42001,4
-3.428019,-18.42001,4
-3.428019,-18.42001,4
-3.428019,-18.42001,4
-3.428019,-18.42001,4
-3.428019,-18.42001,4
-3.297419,-18.59698,4
-3.128497,-18.82588,4
-3.128497,-18.82588,4
-2.983094,-19.02291,4
-3.087396,-18.88157,4
-3.087396,-18.88157,4
-3.087396,-18.88157,4
-3.087396,-18.88157,4
-3.087396,-18.88157,4
-3.087396,-18.88157,4
-3.087396,-18.88157,4
-3.087396,-18.88157,4
-2.973641,-19.03572,4
-3.074083,-18.89961,4
-2.967482,-19.04406,4
-2.967482,-19.04406,4
-2.967482,-19.04406,4
-2.967482,-19.04406,4
-2.967482,-19.04406,4
-2.967482,-19.04406,4
-2.967482,-19.04406,4
-2.967482,-19.04406,4
-2.967482,-19.04406,4
-3.092814,-18.87423,4
11.23719,-18.03736,4
25.71701,-17.19173,4
27.58229,-17.08279,4
27.58229,-17.08279,4
27.58229,-17.08279,4
27.81738,-17.06907,4
27.81738,-17.06907,4
27.81738,-17.06907,4
27.81738,-17.06907,4
27.81738,-17.06907,4
27.81738,-17.06907,4
27.81738,-17.06907,4
27.81738,-17.06907,4
27.98722,-17.05915,4
28.17822,-17.04799,4
28.17822,-17.04799,4
28.17822,-17.04799,4
28.17822,-17.04799,4
28.17822,-17.04799,4
28.17822,-17.04799,4
28.17822,-17.04799,4
28.17822,-17.04799,4
28.17822,-17.04799,4
28.39285,-17.03546,4
28.63011,-17.0216,4
28.63011,-17.0216,4
28.63011,-17.0216,4
28.87988,-17.00702,4
29.04775,-16.99721,4
29.04775,-16.99721,4
29.04775,-16.99721,4
29.04775,-16.99721,4
29.04775,-16.99721,4
29.04775,-16.99721,4
29.04775,-16.99721,4
29.04775,-16.99721,4
28.84511,-17.00904,4
29.00639,-16.99963,4
28.82873,-17.01001,4
28.82873,-17.01001,4
28.82873,-17.01001,4
28.82873,-17.01001,4
28.82873,-17.01001,4
28.82873,-17.01001,4
28.82873,-17.01001,4
28.82873,-17.01001,4
28.82873,-17.01001,4
29.04274,-16.9975,4
15.00576,-13.94957,4
0.8763289,-10.88158,4
-13.29158,-7.80523,4
-15.63267,-7.296896,4
-15.63267,-7.296896,4
-15.81817,-7.256618,4
-15.81817,-7.256618,4
-15.81817,-7.256618,4
-15.81817,-7.256618,4
-15.81817,-7.256618,4
-15.81817,-7.256618,4
-15.81817,-7.256618,4
-15.81817,-7.256618,4
-15.99323,-7.218606,4
-16.1739,-7.179375,4
-16.32005,-7.147642,4
-16.32005,-7.147642,4
-16.32005,-7.147642,4
-16.32005,-7.147642,4
-16.32005,-7.147642,4
-16.32005,-7.147642,4
-16.32005,-7.147642,4
-16.32005,-7.147642,4
-16.32005,-7.147642,4
-16.53722,-7.100485,4
-16.80976,-7.041307,4
-16.80976,-7.041307,4
-17.04931,-6.989292,4
-17.04931,-6.989292,4
-17.04931,-6.989292,4
-17.04931,-6.989292,4
-17.04931,-6.989292,4
-17.04931,-6.989292,4
-17.04931,-6.989292,4
-17.04931,-6.989292,4
-17.04931,-6.989292,4
-16.87492,-7.027159,4
-17.04948,-6.989257,4
-16.90131,-7.02143,4
-16.90131,-7.02143,4
-16.90131,-7.02143,4
-17.07228,-6.984304,4
-17.07228,-6.984304,4
-17.07228,-6.984304,4
-17.07228,-6.984304,4
-17.07228,-6.984304,4
-17.07228,-6.984304,4
-17.07228,-6.984304,4
-17.07228,-6.984304,4
-17.07228,-6.984304,4
-4.124604,-0.6763493,4
8.95641,5.696566,4
21.93922,12.02164,4
24.74012,13.3862,4
24.74012,13.3862,4
24.74012,13.3862,4
24.74012,13.3862,4
24.74012,13.3862,4
24.74012,13.3862,4
24.74012,13.3862,4
24.8925,13.46044,4
25.05968,13.54189,4
25.25901,13.639,4
25.25901,13.639,4
25.25901,13.639,4
25.25901,13.639,4
25.25901,13.639,4
25.25901,13.639,4
25.25901,13.639,4
25.25901,13.639,4
25.25901,13.639,4
25.44396,13.72911,4
25.6365,13.82291,4
16.22381,3.574872,4
6.426705,-7.091692,4
-8.02381,-7.058248,4
-12.64203,-7.013238,4
-12.64203,-7.013238,4
-12.64203,-7.013238,4
-12.64203,-7.013238,4
-12.64203,-7.013238,4
-12.64203,-7.013238,4
-12.64203,-7.013238,4
-12.64203,-7.013238,4
-12.81063,-7.011594,4
-12.96418,-7.010098,4
-13.17289,-7.008063,4
-13.17289,-7.008063,4
-13.17289,-7.008063,4
-13.17289,-7.008063,4
-13.17289,-7.008063,4
-13.17289,-7.008063,4
-13.17289,-7.008063,4
-13.17289,-7.008063,4
-13.17289,-7.008063,4
-13.42005,-7.005653,4
-13.67226,-7.003195,4
-13.67226,-7.003195,4
-13.67226,-7.003195,4
-14.03454,-6.999663,4
-14.03454,-6.999663,4
-14.03454,-6.999663,4
-14.03454,-6.999663,4
-14.03454,-6.999663,4
-14.03454,-6.999663,4
-14.03454,-6.999663,4
-14.03454,-6.999663,4
-14.03454,-6.999663,4
-13.82655,-7.00169,4
-14.00347,-6.999966,4
-13.75704,-7.00237,4
-13.75704,-7.00237,4
-13.75704,-7.00237,4
-13.94818,-7.000505,4
-13.94818,-7.000505,4
-13.94818,-7.000505,4
-13.94818,-7.000505,4
-13.94818,-7.000505,4
-13.94818,-7.000505,4
-13.94818,-7.000505,4
-13.94818,-7.000505,4
-13.94818,-7.000505,4
-17.61571,6.577284,4
-17.66207,6.748924,4
-17.70465,6.906548,4
-17.70465,6.906548,4
-17.70465,6.906548,4
-17.70465,6.906548,4
-17.70465,6.906548,4
-17.70465,6.906548,4
-17.70465,6.906548,4
-17.70465,6.906548,4
-17.76034,7.112716,4
-17.80114,7.263796,4
-17.86118,7.48606,4
-17.86118,7.48606,4
-17.86118,7.48606,4
-17.86118,7.48606,4
-17.86118,7.48606,4
-17.86118,7.48606,4
-17.86118,7.48606,4
-17.86118,7.48606,4
-17.86118,7.48606,4
-17.91656,7.691076,4
-17.97259,7.89853,4
-17.97259,7.89853,4
-17.97259,7.89853,4
-18.02176,8.080543,4
-18.02176,8.080543,4
-18.02176,8.080543,4
-18.02176,8.080543,4
-18.02176,8.080543,4
-18.02176,8.080543,4
-18.02176,8.080543,4
-18.02176,8.080543,4
-18.02176,8.080543,4
-17.97573,7.910135,4
-18.01873,8.069346,4
-17.96915,7.885791,4
-17.96915,7.885791,4
-17.96915,7.885791,4
-17.96915,7.885791,4
-17.96915,7.885791,4
-17.96915,7.885791,4
-17.96915,7.885791,4
-17.96915,7.885791,4
-17.96915,7.885791,4
-18.01884,8.069758,4
-4.698148,2.829674,4
8.731147,-2.453135,4
22.18729,-7.746504,4
31.72206,-11.49729,4
31.72206,-11.49729,4
31.88198,-11.56019,4
31.88198,-11.56019,4
31.88198,-11.56019,4
31.88198,-11.56019,4
31.88198,-11.56019,4
31.88198,-11.56019,4
31.88198,-11.56019,4
31.88198,-11.56019,4
32.03509,-11.62043,4
32.21464,-11.69106,4
32.36105,-11.74865,4
32.51768,-11.81026,4
32.51768,-11.81026,4
32.51768,-11.81026,4
32.51768,-11.81026,4
32.66911,-11.86983,4
32.66911,-11.86983,4
32.66911,-11.86983,4
32.66911,-11.86983,4
32.66911,-11.86983,4
32.66911,-11.86983,4
32.66911,-11.86983,4
32.66911,-11.86983,4
32.66911,-11.86983,4
32.83344,-11.93448,4
32.83344,-11.93448,4
32.83344,-11.93448,4
32.83344,-11.93448,4
32.83344,-11.93448,4
32.83344,-11.93448,4
32.83344,-11.93448,4
32.83344,-11.93448,4
33.00604,-12.00237,4
32.82541,-11.93134,4
32.96249,-11.98525,4
32.96249,-11.98525,4
32.96249,-11.98525,4
32.96249,-11.98525,4
32.96249,-11.98525,4
32.96249,-11.98525,4
32.96249,-11.98525,4
32.96249,-11.98525,4
32.96249,-11.98525,4
34.77456,2.323632,4
35.82148,10.59035,4
35.82148,10.59035,4
35.85308,10.8399,4
35.85308,10.8399,4
35.85308,10.8399,4
35.85308,10.8399,4
35.85308,10.8399,4
35.85308,10.8399,4
35.85308,10.8399,4
35.85308,10.8399,4
35.85308,10.8399,4
35.87398,11.00489,4
35.89544,11.17437,4
35.92109,11.3769,4
35.92109,11.3769,4
35.92109,11.3769,4
35.92109,11.3769,4
35.92109,11.3769,4
35.92109,11.3769,4
35.92109,11.3769,4
35.92109,11.3769,4
35.92109,11.3769,4
35.94834,11.59209,4
37.25885,9.297628,4
37.25885,9.297628,4
37.25885,9.297628,4
37.37056,9.102046,4
37.37056,9.102046,4
37.37056,9.102046,4
37.37056,9.102046,4
37.37056,9.102046,4
37.37056,9.102046,4
37.37056,9.102046,4
37.37056,9.102046,4
37.37056,9.102046,4
37.45477,8.954602,4
37.5394,8.806436,4
37.63323,8.642151,4
37.63323,8.642151,4
37.63323,8.642151,4
37.63323,8.642151,4
37.63323,8.642151,4
37.63323,8.642151,4
37.63323,8.642151,4
37.63323,8.642151,4
37.63323,8.642151,4
37.72812,8.476028,4
37.84105,8.278308,4
37.84105,8.278308,4
37.84105,8.278308,4
37.95594,8.077144,4
37.95594,8.077144,4
37.95594,8.077144,4
37.95594,8.077144,4
37.95594,8.077144,4
37.95594,8.077144,4
37.95594,8.077144,4
37.95594,8.077144,4
37.95594,8.077144,4
38.06022,7.894566,4
37.9664,8.058829,4
38.04592,7.919607,4
38.04592,7.919607,4
38.04592,7.919607,4
38.04592,7.919607,4
38.04592,7.919607,4
38.04592,7.919607,4
38.04592,7.919607,4
38.04592,7.919607,4
38.04592,7.919607,4
37.95031,8.087005,4
34.36484,-5.606542,4
34.36484,-5.606542,4
29.48045,-18.71096,4
29.39096,-18.95107,4
29.32841,-19.11889,4
29.32841,-19.11889,4
29.32841,-19.11889,4
29.32841,-19.11889,4
29.32841,-19.11889,4
29.32841,-19.11889,4
29.32841,-19.11889,4
29.32841,-19.11889,4
29.25554,-19.31439,4
29.1966,-19.47252,4
29.13087,-19.64889,4
29.13087,-19.64889,4
29.13087,-19.64889,4
29.13087,-19.64889,4
29.13087,-19.64889,4
29.13087,-19.64889,4
29.13087,-19.64889,4
29.13087,-19.64889,4
29.13087,-19.64889,4
29.05887,-19.84204,4
14.62004,-19.53852,4
0.07563476,-19.23281,4
-9.513051,-19.03126,4
-9.814813,-19.02492,4
-9.814813,-19.02492,4
-9.994043,-19.02115,4
-9.994043,-19.02115,4
-9.994043,-19.02115,4
-9.994043,-19.02115,4
-9.994043,-19.02115,4
-9.994043,-19.02115,4
-9.994043,-19.02115,4
-9.994043,-19.02115,4
-10.16834,-19.01748,4
-10.36204,-19.01341,4
-10.51911,-19.01011,4
-10.51911,-19.01011,4
-10.51911,-19.01011,4
-10.51911,-19.01011,4
-10.51911,-19.01011,4
-10.51911,-19.01011,4
-10.51911,-19.01011,4
-10.51911,-19.01011,4
-10.51911,-19.01011,4
-10.74017,-19.00546,4
-15.60649,-5.785607,4
-16.50908,-3.333634,4
-2.457843,-6.022743,4
11.82697,-8.756552,4
26.02127,-11.47304,4
33.0726,-12.82252,4
33.0726,-12.82252,4
33.0726,-12.82252,4
33.0726,-12.82252,4
33.0726,-12.82252,4
33.0726,-12.82252,4
33.23372,-12.85335,4
33.40306,-12.88576,4
33.58643,-12.92085,4
33.58643,-12.92085,4
33.58643,-12.92085,4
33.58643,-12.92085,4
33.58643,-12.92085,4
33.58643,-12.92085,4
33.58643,-12.92085,4
33.58643,-12.92085,4
33.58643,-12.92085,4
33.77499,-12.95694,4
33.98141,-12.99644,4
33.98141,-12.99644,4
33.98141,-12.99644,4
34.18069,-13.03458,4
34.18069,-13.03458,4
34.18069,-13.03458,4
34.18069,-13.03458,4
34.18069,-13.03458,4
34.18069,-13.03458,4
34.18069,-13.03458,4
34.18069,-13.03458,4
34.18069,-13.03458,4
34.00838,-13.0016,4
33.74753,-12.95168,4
33.74753,-12.95168,4
33.74753,-12.95168,4
33.74753,-12.95168,4
33.95892,-12.99214,4
33.95892,-12.99214,4
33.95892,-12.99214,4
33.95892,-12.99214,4
33.95892,-12.99214,4
33.95892,-12.99214,4
33.95892,-12.99214,4
33.95892,-12.99214,4
33.95892,-12.99214,4
34.2513,-13.04809,4
33.99652,-12.99933,4
34.1624,-13.03108,4
34.1624,-13.03108,4
34.1624,-13.03108,4
34.1624,-13.03108,4
34.1624,-13.03108,4
34.1624,-13.03108,4
34.1624,-13.03108,4
34.1624,-13.03108,4
33.96773,-12.99382,4
34.11193,-13.02142,4
33.82269,-12.96606,4
33.82269,-12.96606,4
33.82269,-12.96606,4
33.82269,-12.96606,4
33.82269,-12.96606,4
33.82269,-12.96606,4
33.82269,-12.96606,4
33.82269,-12.96606,4
33.82269,-12.96606,4
39.60505,-12.18776,4
39.80109,-12.16137,4
40.00618,-12.13377,4
40.00618,-12.13377,4
40.39943,-12.08084,4
40.39943,-12.08084,4
40.39943,-12.08084,4
40.39943,-12.08084,4
40.39943,-12.08084,4
40.39943,-12.08084,4
40.39943,-12.08084,4
40.39943,-12.08084,4
40.39943,-12.08084,4
40.57342,-12.05742,4
40.84351,-12.02106,4
41.03557,-11.99521,4
41.03557,-11.99521,4
41.03557,-11.99521,4
41.03557,-11.99521,4
41.03557,-11.99521,4
41.03557,-11.99521,4
41.03557,-11.99521,4
41.03557,-11.99521,4
41.03557,-11.99521,4
40.82279,-12.02385,4
41.07129,-11.9904,4
41.07129,-11.9904,4
41.07129,-11.9904,4
40.78345,-12.02915,4
40.78345,-12.02915,4
40.78345,-12.02915,4
40.78345,-12.02915,4
40.78345,-12.02915,4
40.78345,-12.02915,4
40.78345,-12.02915,4
40.78345,-12.02915,4
40.78345,-12.02915,4
41.15059,-11.97973,4
40.95266,-12.00637,4
41.14654,-11.98028,4
40.98751,-12.00168,4
41.15588,-11.97902,4
41.15588,-11.97902,4
41.15588,-11.97902,4
41.15588,-11.97902,4
41.15588,-11.97902,4
41.15588,-11.97902,4
41.15588,-11.97902,4
41.15588,-11.97902,4
41.15588,-11.97902,4
40.9248,-12.01012,4
36.23311,-14.37772,4
36.10299,-14.44339,4
35.92772,-14.53183,4
35.78916,-14.60176,4
35.78916,-14.60176,4
35.78916,-14.60176,4
35.78916,-14.60176,4
35.78916,-14.60176,4
35.78916,-14.60176,4
35.78916,-14.60176,4
35.78916,-14.60176,4
35.59958,-14.69743,4
35.4033,-14.79648,4
35.4033,-14.79648,4
35.4033,-14.79648,4
35.4033,-14.79648,4
35.4033,-14.79648,4
35.4033,-14.79648,4
35.4033,-14.79648,4
35.4033,-14.79648,4
35.4033,-14.79648,4
35.20812,-14.89498,4
35.0038,-14.99808,4
34.18398,-8.46587,4
34.18398,-8.46587,4
20.32367,-12.39246,4
6.309223,-16.36272,4
-1.683352,-18.627,4
-1.683352,-18.627,4
-1.683352,-18.627,4
-1.683352,-18.627,4
-1.683352,-18.627,4
-1.683352,-18.627,4
-1.683352,-18.627,4
-1.683352,-18.627,4
-1.921992,-18.6946,4
-2.154516,-18.76048,4
-2.154516,-18.76048,4
-2.154516,-18.76048,4
-2.154516,-18.76048,4
-2.154516,-18.76048,4
-2.154516,-18.76048,4
-2.154516,-18.76048,4
-2.154516,-18.76048,4
-2.154516,-18.76048,4
-2.40026,-18.83009,4
-2.658241,-18.90318,4
-2.658241,-18.90318,4
-2.658241,-18.90318,4
-2.913011,-18.97536,4
-2.913011,-18.97536,4
-2.913011,-18.97536,4
-2.913011,-18.97536,4
-2.913011,-18.97536,4
-2.913011,-18.97536,4
-2.913011,-18.97536,4
-2.913011,-18.97536,4
-2.913011,-18.97536,4
-3.075454,-19.02138,4
-2.909583,-18.97438,4
-3.096931,-19.02746,4
-3.096931,-19.02746,4
-3.096931,-19.02746,4
-3.096931,-19.02746,4
-3.096931,-19.02746,4
-3.096931,-19.02746,4
-3.096931,-19.02746,4
-3.096931,-19.02746,4
-3.096931,-19.02746,4
-2.894672,-18.97016,4
10.70917,-14.55651,4
24.52426,-10.07432,4
11.16117,-5.47265,4
-2.559898,-0.8612713,4
-16.34425,3.771374,4
-18.60892,4.532485,4
-18.60892,4.532485,4
-18.60892,4.532485,4
-18.60892,4.532485,4
-18.60892,4.532485,4
-18.60892,4.532485,4
-18.60892,4.532485,4
-18.60892,4.532485,4
-18.76465,4.584823,4
-18.956,4.649131,4
-19.09049,4.694331,4
-19.09049,4.694331,4
-19.09049,4.694331,4
-19.09049,4.694331,4
-19.09049,4.694331,4
-19.09049,4.694331,4
-19.09049,4.694331,4
-19.09049,4.694331,4
-19.09049,4.694331,4
-19.35702,4.783906,4
-19.50608,4.834005,4
-19.50608,4.834005,4
-19.50608,4.834005,4
-19.50608,4.834005,4
-19.69948,4.899003,4
-19.69948,4.899003,4
-19.69948,4.899003,4
-19.69948,4.899003,4
-19.69948,4.899003,4
-19.69948,4.899003,4
-19.69948,4.899003,4
-19.69948,4.899003,4
-19.85274,4.950511,4
-20.0321,5.010787,4
-20.0321,5.010787,4
-20.0321,5.010787,4
-20.0321,5.010787,4
-20.0321,5.010787,4
-20.0321,5.010787,4
-20.0321,5.010787,4
-20.0321,5.010787,4
-20.0321,5.010787,4
-19.74447,4.914124,4
-19.98843,4.996112,4
-17.53809,-0.7402907,4
-17.53809,-0.7402907,4
-3.832353,-4.532434,4
10.10904,-8.38978,4
24.06411,-12.25091,4
32.6076,-14.61475,4
32.6076,-14.61475,4
32.6076,-14.61475,4
32.6076,-14.61475,4
32.6076,-14.61475,4
32.6076,-14.61475,4
32.78727,-14.66446,4
32.95081,-14.70971,4
33.14235,-14.7627,4
33.14235,-14.7627,4
33.14235,-14.7627,4
33.14235,-14.7627,4
33.14235,-14.7627,4
33.14235,-14.7627,4
33.14235,-14.7627,4
33.14235,-14.7627,4
33.14235,-14.7627,4
33.35141,-14.82055,4
33.35141,-14.82055,4
33.35141,-14.82055,4
33.35141,-14.82055,4
33.6019,-14.88985,4
33.75827,-14.93312,4
33.91905,-14.9776,4
33.91905,-14.9776,4
33.91905,-14.9776,4
33.91905,-14.9776,4
33.91905,-14.9776,4
33.91905,-14.9776,4
33.91905,-14.9776,4
33.91905,-14.9776,4
34.08268,-15.02287,4
33.85931,-14.96107,4
34.02129,-15.00589,4
34.02129,-15.00589,4
34.02129,-15.00589,4
34.02129,-15.00589,4
34.02129,-15.00589,4
34.02129,-15.00589,4
34.02129,-15.00589,4
34.02129,-15.00589,4
34.02129,-15.00589,4
33.79874,-14.94431,4
19.94433,-11.41399,4
5.798306,-7.809365,4
-6.402552,-15.31695,4
-7.827966,-16.24056,4
-7.827966,-16.24056,4
-7.827966,-16.24056,4
-7.827966,-16.24056,4
-7.827966,-16.24056,4
-7.827966,-16.24056,4
-7.827966,-16.24056,4
-7.827966,-16.24056,4
-7.9663,-16.3302,4
-8.101147,-16.41758,4
-8.255751,-16.51775,4
-8.255751,-16.51775,4
-8.255751,-16.51775,4
-8.255751,-16.51775,4
-8.255751,-16.51775,4
-8.255751,-16.51775,4
-8.255751,-16.51775,4
-8.255751,-16.51775,4
-8.255751,-16.51775,4
-8.426137,-16.62816,4
3.742353,-9.060699,4
16.06639,-1.396503,4
28.39821,6.272529,4
34.72988,10.21013,4
34.72988,10.21013,4
34.72988,10.21013,4
34.72988,10.21013,4
34.72988,10.21013,4
34.72988,10.21013,4
34.72988,10.21013,4
34.72988,10.21013,4
34.72988,10.21013,4
34.88176,10.30458,4
35.01139,10.3852,4
35.19563,10.49977,4
35.19563,10.49977,4
35.19563,10.49977,4
35.19563,10.49977,4
35.19563,10.49977,4
35.19563,10.49977,4
35.19563,10.49977,4
35.19563,10.49977,4
35.19563,10.49977,4
35.38259,10.61604,4
35.38259,10.61604,4
35.38259,10.61604,4
35.38259,10.61604,4
35.59692,10.74933,4
35.73146,10.833,4
35.73146,10.833,4
35.73146,10.833,4
35.73146,10.833,4
35.73146,10.833,4
35.73146,10.833,4
35.73146,10.833,4
35.73146,10.833,4
35.89428,10.93426,4
36.03902,11.02426,4
35.86498,10.91604,4
35.86498,10.91604,4
35.86498,10.91604,4
35.86498,10.91604,4
35.86498,10.91604,4
35.86498,10.91604,4
35.86498,10.91604,4
35.86498,10.91604,4
35.86498,10.91604,4
36.06631,11.04124,4
22.05128,7.596991,4
7.975888,4.137911,4
17.49388,-6.436775,4
27.27129,-17.11247,4
28.05989,-17.97353,4
28.05989,-17.97353,4
28.05989,-17.97353,4
28.05989,-17.97353,4
28.05989,-17.97353,4
28.05989,-17.97353,4
28.05989,-17.97353,4
28.05989,-17.97353,4
28.17794,-18.10242,4
28.28798,-18.22257,4
28.41356,-18.35969,4
28.41356,-18.35969,4
28.41356,-18.35969,4
28.41356,-18.35969,4
28.41356,-18.35969,4
28.41356,-18.35969,4
28.41356,-18.35969,4
28.41356,-18.35969,4
28.41356,-18.35969,4
28.53314,-18.49025,4
28.65735,-18.62587,4
28.81661,-18.79976,4
28.81661,-18.79976,4
28.93591,-18.93002,4
29.11167,-19.12193,4
29.11167,-19.12193,4
29.11167,-19.12193,4
29.11167,-19.12193,4
29.11167,-19.12193,4
29.11167,-19.12193,4
29.11167,-19.12193,4
29.11167,-19.12193,4
28.96782,-18.96486,4
29.08626,-19.09418,4
28.98418,-18.98273,4
28.98418,-18.98273,4
28.98418,-18.98273,4
28.98418,-18.98273,4
28.98418,-18.98273,4
28.98418,-18.98273,4
28.98418,-18.98273,4
28.98418,-18.98273,4
28.98418,-18.98273,4
29.12213,-19.13335,4
33.45532,-8.35484,4
33.45532,-8.35484,4
20.48448,-2.279186,4
7.331783,3.881649,4
-5.84366,10.05313,4
-8.740396,11.40999,4
-8.740396,11.40999,4
-8.740396,11.40999,4
-8.740396,11.40999,4
-8.740396,11.40999,4
-8.740396,11.40999,4
-8.740396,11.40999,4
-8.740396,11.40999,4
-8.888032,11.47914,4
-9.084112,11.57099,4
-9.084112,11.57099,4
-9.084112,11.57099,4
-9.084112,11.57099,4
-9.084112,11.57099,4
-9.084112,11.57099,4
-9.084112,11.57099,4
-9.084112,11.57099,4
-9.084112,11.57099,4
-9.256406,11.65169,4
-9.481882,11.75731,4
-9.481882,11.75731,4
-9.481882,11.75731,4
-9.706576,11.86256,4
-9.706576,11.86256,4
-9.706576,11.86256,4
-9.706576,11.86256,4
-9.706576,11.86256,4
-9.706576,11.86256,4
-9.706576,11.86256,4
-9.706576,11.86256,4
-9.706576,11.86256,4
-9.874794,11.94135,4
-10.05341,12.02502,4
-9.898312,11.95237,4
-9.898312,11.95237,4
-9.898312,11.95237,4
-9.898312,11.95237,4
-9.898312,11.95237,4
-9.898312,11.95237,4
-9.898312,11.95237,4
-9.898312,11.95237,4
-9.898312,11.95237,4
-10.07766,12.03638,4
1.338478,3.344559,4
12.92484,-5.476873,4
24.48031,-14.27478,4
30.91809,-19.17628,4
30.91809,-19.17628,4
30.91809,-19.17628,4
30.91809,-19.17628,4
30.91809,-19.17628,4
30.91809,-19.17628,4
30.91809,-19.17628,4
30.91809,-19.17628,4
30.91809,-19.17628,4
31.05673,-19.28183,4
31.21194,-19.4,4
31.32968,-19.48965,4
31.32968,-19.48965,4
31.32968,-19.48965,4
31.32968,-19.48965,4
31.32968,-19.48965,4
31.32968,-19.48965,4
31.32968,-19.48965,4
31.32968,-19.48965,4
31.32968,-19.48965,4
31.55388,-19.66034,4
31.68464,-19.4668,4
31.77564,-19.3321,4
31.77564,-19.3321,4
31.92182,-19.11572,4
31.92182,-19.11572,4
31.92182,-19.11572,4
31.92182,-19.11572,4
31.92182,-19.11572,4
31.92182,-19.11572,4
31.92182,-19.11572,4
31.92182,-19.11572,4
31.92182,-19.11572,4
32.01262,-18.98132,4
31.91572,-19.12477,4
31.91572,-19.12477,4
31.91572,-19.12477,4
31.91572,-19.12477,4
32.01726,-18.97445,4
32.01726,-18.97445,4
32.01726,-18.97445,4
32.01726,-18.97445,4
32.01726,-18.97445,4
32.01726,-18.97445,4
32.01726,-18.97445,4
32.01726,-18.97445,4
32.01726,-18.97445,4
31.85112,-19.22041,4
31.93929,-19.08987,4
31.93929,-19.08987,4
31.93929,-19.08987,4
31.93929,-19.08987,4
31.93929,-19.08987,4
31.93929,-19.08987,4
31.93929,-19.08987,4
31.93929,-19.08987,4
31.93929,-19.08987,4
32.02976,-18.95594,4
31.93153,-19.10137,4
32.05453,-18.91927,4
32.05453,-18.91927,4
32.05453,-18.91927,4
32.05453,-18.91927,4
32.05453,-18.91927,4
32.05453,-18.91927,4
32.05453,-18.91927,4
32.05453,-18.91927,4
32.05453,-18.91927,4
31.93212,-19.1005,4
22.11767,-8.658877,4
12.20793,1.88413,4
2.32541,12.39818,4
13.29735,3.373472,4
24.50026,-5.866096,4
35.64036,-15.05388,4
41.15779,-19.60438,4
41.15779,-19.60438,4
41.15779,-19.60438,4
41.15779,-19.60438,4
41.15779,-19.60438,4
41.15779,-19.60438,4
39.09059,-17.89947,4
38.92315,-17.76137,4
38.74928,-17.61797,4
38.74928,-17.61797,4
38.74928,-17.61797,4
38.74928,-17.61797,4
38.74928,-17.61797,4
38.74928,-17.61797,4
38.74928,-17.61797,4
38.74928,-17.61797,4
38.74928,-17.61797,4
38.59996,-17.49482,4
34.55402,-8.263992,4
34.55402,-8.263992,4
35.73481,-2.332205,4
35.73481,-2.332205,4
35.73481,-2.332205,4
35.73481,-2.332205,4
35.73481,-2.332205,4
35.73481,-2.332205,4
35.73481,-2.332205,4
35.73481,-2.332205,4
35.73481,-2.332205,4
35.73481,-2.332205,4
35.76832,-2.163848,4
35.81751,-1.916731,4
35.85497,-1.728552,4
35.85497,-1.728552,4
35.85497,-1.728552,4
35.85497,-1.728552,4
35.85497,-1.728552,4
35.85497,-1.728552,4
35.85497,-1.728552,4
35.85497,-1.728552,4
35.85497,-1.728552,4
35.89658,-1.519514,4
35.94193,-1.291701,4
35.94193,-1.291701,4
35.94193,-1.291701,4
35.98951,-1.052682,4
35.98951,-1.052682,4
35.98951,-1.052682,4
35.98951,-1.052682,4
35.98951,-1.052682,4
35.98951,-1.052682,4
35.98951,-1.052682,4
35.98951,-1.052682,4
35.98951,-1.052682,4
36.02375,-0.8806591,4
35.98977,-1.051399,4
36.02582,-0.8702849,4
36.02582,-0.8702849,4
36.02582,-0.8702849,4
36.02582,-0.8702849,4
36.02582,-0.8702849,4
36.02582,-0.8702849,4
36.02582,-0.8702849,4
36.02582,-0.8702849,4
36.02582,-0.8702849,4
35.98702,-1.065189,4
22.32902,-5.500784,4
8.520524,-9.985257,4
-5.32659,-14.48227,4
-8.688722,-15.57415,4
-8.688722,-15.57415,4
-8.688722,-15.57415,4
-8.688722,-15.57415,4
-8.688722,-15.57415,4
-8.688722,-15.57415,4
-8.688722,-15.57415,4
-8.688722,-15.57415,4
-8.688722,-15.57415,4
-8.851903,-15.62714,4
-9.021009,-15.68206,4
-9.218646,-15.74625,4
-9.218646,-15.74625,4
-9.218646,-15.74625,4
-9.218646,-15.74625,4
-9.218646,-15.74625,4
-9.218646,-15.74625,4
-9.218646,-15.74625,4
-9.218646,-15.74625,4
-9.218646,-15.74625,4
-9.437766,-15.81741,4
-8.465744,-18.64511,4
-8.391152,-18.8621,4
-8.288803,-19.15985,4
-8.288803,-19.15985,4
-8.288803,-19.15985,4
-8.288803,-19.15985,4
-8.288803,-19.15985,4
-8.288803,-19.15985,4
-8.288803,-19.15985,4
-8.288803,-19.15985,4
-8.288803,-19.15985,4
-8.288803,-19.15985,4
-8.223796,-19.34896,4
-8.174911,-19.49117,4
-8.128579,-19.62595,4
-8.128579,-19.62595,4
-8.128579,-19.62595,4
-8.128579,-19.62595,4
-8.128579,-19.62595,4
-8.128579,-19.62595,4
-8.128579,-19.62595,4
-8.128579,-19.62595,4
-8.128579,-19.62595,4
-8.059509,-19.82688,4
-5.723078,-5.627151,4
-3.36131,8.726597,4
-2.243453,15.52043,4
11.09873,10.45461,4
24.63751,5.314162,4
34.63578,1.517977,4
34.63578,1.517977,4
34.63578,1.517977,4
34.63578,1.517977,4
34.63578,1.517977,4
34.63578,1.517977,4
34.63578,1.517977,4
34.81345,1.450519,4
34.98296,1.38616,4
35.16117,1.318493,4
35.16117,1.318493,4
35.16117,1.318493,4
35.16117,1.318493,4
35.16117,1.318493,4
35.16117,1.318493,4
35.16117,1.318493,4
35.16117,1.318493,4
35.16117,1.318493,4
35.42564,1.218076,4
32.28839,14.75557,4
32.20392,15.12008,4
32.20392,15.12008,4
32.20392,15.12008,4
32.20392,15.12008,4
32.1623,15.29967,4
32.1623,15.29967,4
32.1623,15.29967,4
32.1623,15.29967,4
32.1623,15.29967,4
32.1623,15.29967,4
32.1623,15.29967,4
32.1623,15.29967,4
32.10829,15.53273,4
32.05794,15.75,4
32.02351,15.89854,4
32.02351,15.89854,4
32.02351,15.89854,4
32.02351,15.89854,4
32.02351,15.89854,4
32.02351,15.89854,4
32.02351,15.89854,4
32.02351,15.89854,4
32.02351,15.89854,4
31.96095,16.16848,4
32.01552,15.93303,4
32.01552,15.93303,4
31.90401,16.41422,4
31.90401,16.41422,4
31.90401,16.41422,4
31.90401,16.41422,4
31.90401,16.41422,4
31.90401,16.41422,4
31.90401,16.41422,4
31.90401,16.41422,4
31.90401,16.41422,4
31.94352,16.24372,4
31.98277,16.07435,4
32.02364,15.898,4
32.02364,15.898,4
32.02364,15.898,4
32.02364,15.898,4
32.02364,15.898,4
32.02364,15.898,4
32.02364,15.898,4
32.02364,15.898,4
32.02364,15.898,4
31.95625,16.18876,4
33.21611,1.894253,4
33.87833,-5.619309,4
28.36,7.57513,4
24.55783,16.66621,4
24.49843,16.80824,4
24.49843,16.80824,4
24.49843,16.80824,4
24.49843,16.80824,4
24.49843,16.80824,4
24.49843,16.80824,4
24.49843,16.80824,4
24.49843,16.80824,4
24.42432,16.98543,4
24.37533,17.10258,4
24.32224,17.22953,4
24.32224,17.22953,4
24.32224,17.22953,4
24.32224,17.22953,4
24.32224,17.22953,4
24.32224,17.22953,4
24.32224,17.22953,4
24.32224,17.22953,4
24.32224,17.22953,4
24.24071,17.42445,4
24.15899,17.61984,4
24.15899,17.61984,4
24.15899,17.61984,4
24.05132,17.8773,4
23.98748,18.02994,4
23.98748,18.02994,4
23.98748,18.02994,4
23.98748,18.02994,4
23.98748,18.02994,4
23.98748,18.02994,4
23.98748,18.02994,4
23.98748,18.02994,4
24.06076,17.8547,4
23.98597,18.03355,4
24.05401,17.87086,4
24.05401,17.87086,4
24.05401,17.87086,4
24.05401,17.87086,4
24.05401,17.87086,4
24.05401,17.87086,4
24.05401,17.87086,4
24.05401,17.87086,4
24.05401,17.87086,4
23.97686,18.05533,4
29.29748,4.755104,4
33.46067,-5.651834,4
26.12158,6.732501,4
23.73656,10.7571,4
23.73656,10.7571,4
23.6696,10.87009,4
23.6696,10.87009,4
23.6696,10.87009,4
23.6696,10.87009,4
23.6696,10.87009,4
23.6696,10.87009,4
23.6696,10.87009,4
23.6696,10.87009,4
23.5851,11.01267,4
23.48911,11.17465,4
23.40854,11.31062,4
23.40854,11.31062,4
23.40854,11.31062,4
23.40854,11.31062,4
23.40854,11.31062,4
23.40854,11.31062,4
23.40854,11.31062,4
23.40854,11.31062,4
23.40854,11.31062,4
23.29341,11.50488,4
23.16997,11.71319,4
23.03432,11.94209,4
23.03432,11.94209,4
23.03432,11.94209,4
23.03432,11.94209,4
23.03432,11.94209,4
23.03432,11.94209,4
23.03432,11.94209,4
23.03432,11.94209,4
23.03432,11.94209,4
23.03432,11.94209,4
22.94279,12.09653,4
23.00897,11.98487,4
22.88804,12.18891,4
22.88804,12.18891,4
22.88804,12.18891,4
22.88804,12.18891,4
22.88804,12.18891,4
22.88804,12.18891,4
22.88804,12.18891,4
22.88804,12.18891,4
22.88804,12.18891,4
22.99195,12.01358,4
23.12992,11.78076,4
23.12992,11.78076,4
23.12992,11.78076,4
22.94852,12.08686,4
22.94852,12.08686,4
22.94852,12.08686,4
22.94852,12.08686,4
22.94852,12.08686,4
22.94852,12.08686,4
22.94852,12.08686,4
22.94852,12.08686,4
22.94852,12.08686,4
23.08679,11.85354,4
22.97224,12.04684,4
23.06923,11.88319,4
23.06923,11.88319,4
23.06923,11.88319,4
23.06923,11.88319,4
23.06923,11.88319,4
23.06923,11.88319,4
23.06923,11.88319,4
23.06923,11.88319,4
23.06923,11.88319,4
8.880298,9.383389,4
-5.413168,6.865178,4
-14.66402,5.235373,4
-14.66402,5.235373,4
-14.93295,5.187993,4
-14.93295,5.187993,4
-14.93295,5.187993,4
-14.93295,5.187993,4
-14.93295,5.187993,4
-14.93295,5.187993,4
-14.93295,5.187993,4
-14.93295,5.187993,4
-14.93295,5.187993,4
-15.10001,5.158561,4
-15.3012,5.123115,4
-15.48101,5.091435,4
-15.48101,5.091435,4
-15.48101,5.091435,4
-15.48101,5.091435,4
-15.48101,5.091435,4
-15.48101,5.091435,4
-15.48101,5.091435,4
-15.48101,5.091435,4
-15.48101,5.091435,4
-15.67671,5.056958,4
-1.794902,1.687727,4
12.30422,-1.734251,4
23.52494,7.429227,4
33.93007,16.10762,4
34.10106,16.25024,4
34.10106,16.25024,4
34.10106,16.25024,4
34.10106,16.25024,4
34.10106,16.25024,4
34.10106,16.25024,4
34.10106,16.25024,4
34.10106,16.25024,4
34.25228,16.37637,4
34.40769,16.50599,4
34.59348,16.66094,4
34.59348,16.66094,4
34.59348,16.66094,4
34.59348,16.66094,4
34.59348,16.66094,4
34.59348,16.66094,4
34.59348,16.66094,4
34.59348,16.66094,4
34.59348,16.66094,4
34.74389,16.78639,4
34.92918,16.94093,4
34.92918,16.94093,4
34.92918,16.94093,4
35.15371,17.1282,4
35.01186,17.00989,4
35.01186,17.00989,4
35.01186,17.00989,4
35.01186,17.00989,4
35.01186,17.00989,4
35.01186,17.00989,4
35.01186,17.00989,4
35.01186,17.00989,4
34.8459,16.87149,4
34.98426,16.98687,4
35.13247,17.11048,4
35.13247,17.11048,4
35.13247,17.11048,4
35.13247,17.11048,4
35.13247,17.11048,4
35.13247,17.11048,4
35.13247,17.11048,4
35.13247,17.11048,4
35.13247,17.11048,4
34.98693,16.9891,4
34.39322,2.558033,4
34.06005,-5.539985,4
40.90908,7.002277,4
41.31391,7.743623,4
41.31391,7.743623,4
41.31391,7.743623,4
41.31391,7.743623,4
41.31391,7.743623,4
41.31391,7.743623,4
41.31391,7.743623,4
41.31391,7.743623,4
41.31391,7.743623,4
41.3955,7.893027,4
41.48878,8.063835,4
41.58751,8.244633,4
41.58751,8.244633,4
41.58751,8.244633,4
41.58751,8.244633,4
41.58751,8.244633,4
41.58751,8.244633,4
41.58751,8.244633,4
41.58751,8.244633,4
41.58751,8.244633,4
41.69648,8.444175,4
27.70441,11.18384,4
13.50052,13.96499,4
-0.6706589,16.73972,4
9.160163,6.304798,4
19.10642,-4.252656,4
29.00853,-14.76326,4
33.93085,-19.98806,4
33.93085,-19.98806,4
33.93085,-19.98806,4
33.93085,-19.98806,4
33.93085,-19.98806,4
33.93085,-19.98806,4
33.93085,-19.98806,4
33.78492,-19.83316,4
33.65054,-19.69052,4
33.51329,-19.54483,4
33.51329,-19.54483,4
33.51329,-19.54483,4
33.51329,-19.54483,4
33.51329,-19.54483,4
33.51329,-19.54483,4
33.51329,-19.54483,4
33.51329,-19.54483,4
33.51329,-19.54483,4
33.34872,-19.37016,4
33.19622,-19.20828,4
32.95859,-18.95604,4
32.95859,-18.95604,4
32.95859,-18.95604,4
32.95859,-18.95604,4
32.95859,-18.95604,4
32.95859,-18.95604,4
32.95859,-18.95604,4
32.95859,-18.95604,4
32.95859,-18.95604,4
32.95859,-18.95604,4
33.09948,-19.10559,4
32.96314,-18.96087,4
33.13787,-19.14633,4
33.13787,-19.14633,4
33.13787,-19.14633,4
33.13787,-19.14633,4
33.13787,-19.14633,4
33.13787,-19.14633,4
33.13787,-19.14633,4
33.13787,-19.14633,4
33.13787,-19.14633,4
32.96326,-18.96101,4
25.35048,-6.773018,4
17.65663,5.544778,4
13.73459,11.82393,4
24.71983,17.35539,4
24.89338,17.44278,4
25.05552,17.52442,4
25.05552,17.52442,4
25.05552,17.52442,4
25.05552,17.52442,4
25.05552,17.52442,4
25.05552,17.52442,4
25.05552,17.52442,4
25.05552,17.52442,4
25.2638,17.6293,4
25.45311,17.72462,4
25.59986,17.79852,4
25.59986,17.79852,4
25.59986,17.79852,4
25.59986,17.79852,4
25.59986,17.79852,4
25.59986,17.79852,4
25.59986,17.79852,4
25.59986,17.79852,4
25.59986,17.79852,4
25.82799,17.91339,4
13.09529,11.99317,4
-0.03125425,5.889824,4
13.28614,3.67057,4
27.73207,1.609056,4
30.65669,1.191698,4
30.65669,1.191698,4
30.65669,1.191698,4
30.65669,1.191698,4
30.65669,1.191698,4
30.65669,1.191698,4
30.65669,1.191698,4
30.88294,1.15941,4
31.05636,1.134663,4
31.33256,1.095247,4
31.33256,1.095247,4
31.33256,1.095247,4
31.33256,1.095247,4
31.33256,1.095247,4
31.33256,1.095247,4
31.33256,1.095247,4
31.33256,1.095247,4
31.33256,1.095247,4
31.60289,1.05667,4
31.79095,1.029833,4
31.79095,1.029833,4
31.79095,1.029833,4
32.1814,0.9741139,4
32.1814,0.9741139,4
32.1814,0.9741139,4
32.1814,0.9741139,4
32.1814,0.9741139,4
32.1814,0.9741139,4
32.1814,0.9741139,4
32.1814,0.9741139,4
32.1814,0.9741139,4
32.0092,0.9986871,4
31.77016,1.032795,4
31.99369,1.0009,4
31.99369,1.0009,4
31.99369,1.0009,4
31.99369,1.0009,4
31.99369,1.0009,4
31.99369,1.0009,4
31.99369,1.0009,4
31.99369,1.0009,4
31.99369,1.0009,4
32.26984,0.9615012,4
18.21518,-1.405678,4
3.817948,-3.830557,4
-10.54844,-6.25024,4
-13.63545,-6.770177,4
-13.63545,-6.770177,4
-13.63545,-6.770177,4
-13.63545,-6.770177,4
-13.63545,-6.770177,4
-13.63545,-6.770177,4
-13.63545,-6.770177,4
-13.63545,-6.770177,4
-13.63545,-6.770177,4
-13.85145,-6.806556,4
-14.16573,-6.859488,4
-14.35611,-6.891552,4
-14.35611,-6.891552,4
-14.35611,-6.891552,4
-14.35611,-6.891552,4
-14.35611,-6.891552,4
-14.35611,-6.891552,4
-14.35611,-6.891552,4
-14.35611,-6.891552,4
-14.35611,-6.891552,4
-14.5732,-6.928116,4
-14.78246,-6.963361,4
-14.78246,-6.963361,4
-14.78246,-6.963361,4
-15.03963,-7.006675,4
-15.03963,-7.006675,4
-15.03963,-7.006675,4
-15.03963,-7.006675,4
-15.03963,-7.006675,4
-15.03963,-7.006675,4
-15.03963,-7.006675,4
-15.03963,-7.006675,4
-15.03963,-7.006675,4
-14.83475,-6.972166,4
-15.00527,-7.000888,4
-14.80312,-6.966836,4
-14.80312,-6.966836,4
-14.80312,-6.966836,4
-14.80312,-6.966836,4
-14.80312,-6.966836,4
-14.80312,-6.966836,4
-14.80312,-6.966836,4
-14.80312,-6.966836,4
-14.80312,-6.966836,4
-15.03318,-7.005589,4
-16.4684,-3.352926,4
-16.4684,-3.352926,4
-2.524121,0.07013947,4
11.59236,3.535479,4
25.70448,6.999749,4
39.87272,10.47779,4
46.88017,12.19799,4
46.88017,12.19799,4
46.88017,12.19799,4
46.88017,12.19799,4
46.88017,12.19799,4
46.88017,12.19799,4
46.88017,12.19799,4
43.42211,11.3491,4
43.26,11.30931,4
43.26,11.30931,4
43.26,11.30931,4
43.26,11.30931,4
43.26,11.30931,4
43.26,11.30931,4
43.26,11.30931,4
43.26,11.30931,4
43.26,11.30931,4
43.01709,11.24968,4
42.798,11.19589,4
36.53396,-1.759267,4
34.57718,-5.806269,4
20.82057,-9.940229,4
6.94034,-14.11134,4
-4.653698,-17.59543,4
-4.653698,-17.59543,4
-4.653698,-17.59543,4
-4.653698,-17.59543,4
-4.653698,-17.59543,4
-4.653698,-17.59543,4
-4.653698,-17.59543,4
-4.862319,-17.65812,4
-5.053692,-17.71563,4
-5.28016,-17.78368,4
-5.28016,-17.78368,4
-5.28016,-17.78368,4
-5.28016,-17.78368,4
-5.28016,-17.78368,4
-5.28016,-17.78368,4
-5.28016,-17.78368,4
-5.28016,-17.78368,4
-5.28016,-17.78368,4
-5.521606,-17.85624,4
-13.8892,-6.297257,4
-16.21433,-3.085323,4
-7.898192,-14.88707,4
-5.845654,-17.7999,4
-5.845654,-17.7999,4
-5.845654,-17.7999,4
-5.845654,-17.7999,4
-5.845654,-17.7999,4
-5.845654,-17.7999,4
-5.845654,-17.7999,4
-5.845654,-17.7999,4
-5.845654,-17.7999,4
-5.729832,-17.96427,4
-5.529308,-18.24884,4
-5.410546,-18.41738,4
-5.410546,-18.41738,4
-5.410546,-18.41738,4
-5.410546,-18.41738,4
-5.410546,-18.41738,4
-5.410546,-18.41738,4
-5.410546,-18.41738,4
-5.410546,-18.41738,4
-5.410546,-18.41738,4
-5.254341,-18.63906,4
-13.24271,-7.322627,4
-16.19674,-3.137913,4
-2.282255,0.6102803,4
11.70382,4.37776,4
25.77962,8.16941,4
38.6755,11.64321,4
38.6755,11.64321,4
38.6755,11.64321,4
38.6755,11.64321,4
38.6755,11.64321,4
38.6755,11.64321,4
38.6755,11.64321,4
38.88861,11.70062,4
39.09978,11.7575,4
39.40324,11.83925,4
39.40324,11.83925,4
39.40324,11.83925,4
39.40324,11.83925,4
39.40324,11.83925,4
39.40324,11.83925,4
39.40324,11.83925,4
39.40324,11.83925,4
39.40324,11.83925,4
39.63627,11.90202,4
39.84124,11.95723,4
39.84124,11.95723,4
39.84124,11.95723,4
40.08759,12.02359,4
40.08759,12.02359,4
40.08759,12.02359,4
40.08759,12.02359,4
40.08759,12.02359,4
40.08759,12.02359,4
40.08759,12.02359,4
40.08759,12.02359,4
40.08759,12.02359,4
39.87244,11.96564,4
40.09463,12.02549,4
39.82238,11.95215,4
39.82238,11.95215,4
39.82238,11.95215,4
32.44167,10.319,4
32.22369,10.27077,4
32.22369,10.27077,4
32.22369,10.27077,4
32.22369,10.27077,4
32.01221,10.22397,4
31.78408,10.1735,4
31.78408,10.1735,4
31.78408,10.1735,4
31.78408,10.1735,4
31.78408,10.1735,4
31.78408,10.1735,4
31.54968,10.12163,4
31.54968,10.12163,4
31.54968,10.12163,4
31.54968,10.12163,4
31.54968,10.12163,4
31.54968,10.12163,4
31.54968,10.12163,4
31.54968,10.12163,4
31.35264,10.07803,4
31.20626,10.04564,4
31.02316,10.00513,4
17.12659,6.531173,4
3.056926,3.013952,4
15.87632,9.446257,4
25.73729,14.36956,4
25.73729,14.36956,4
25.73729,14.36956,4
25.73729,14.36956,4
25.73729,14.36956,4
25.73729,14.36956,4
25.73729,14.36956,4
25.73729,14.36956,4
26.00217,14.50181,4
26.15083,14.57603,4
26.15083,14.57603,4
26.15083,14.57603,4
26.15083,14.57603,4
26.15083,14.57603,4
26.15083,14.57603,4
26.15083,14.57603,4
26.15083,14.57603,4
26.42092,14.71088,4
26.57862,14.78962,4
26.7449,14.87264,4
26.7449,14.87264,4
26.7449,14.87264,4
26.7449,14.87264,4
26.7449,14.87264,4
26.7449,14.87264,4
26.7449,14.87264,4
26.7449,14.87264,4
26.7449,14.87264,4
26.95406,14.97706,4
13.51189,9.785083,4
-0.05023876,4.546768,4
-5.082731,9.969189,4
-5.082731,9.969189,4
-5.082731,9.969189,4
-5.082731,9.969189,4
-5.082731,9.969189,4
-5.082731,9.969189,4
-5.082731,9.969189,4
-5.082731,9.969189,4
-5.082731,9.969189,4
-5.082731,9.969189,4
-5.215173,10.11802,4
-5.331542,10.2488,4
-5.477774,10.41313,4
-5.477774,10.41313,4
-5.477774,10.41313,4
-5.477774,10.41313,4
-5.477774,10.41313,4
-5.477774,10.41313,4
-5.477774,10.41313,4
-5.477774,10.41313,4
-5.477774,10.41313,4
-5.61469,10.567,4
-5.61469,10.567,4
-5.61469,10.567,4
-5.61469,10.567,4
-5.777778,10.75027,4
-5.900701,10.88841,4
-5.900701,10.88841,4
-5.900701,10.88841,4
-5.900701,10.88841,4
-5.900701,10.88841,4
-5.900701,10.88841,4
-5.900701,10.88841,4
-5.900701,10.88841,4
-6.124956,11.14042,4
-5.963526,10.95901,4
-6.108597,11.12204,4
-5.999269,10.99918,4
-5.999269,10.99918,4
-5.999269,10.99918,4
-5.999269,10.99918,4
-5.999269,10.99918,4
-5.999269,10.99918,4
-5.999269,10.99918,4
-5.999269,10.99918,4
-5.999269,10.99918,4
-6.154537,11.17368,4
6.620967,5.391567,4
19.81732,-0.5810109,4
32.73046,5.814491,4
37.78271,8.381507,4
37.94246,8.462669,4
37.94246,8.462669,4
37.94246,8.462669,4
37.94246,8.462669,4
37.94246,8.462669,4
37.94246,8.462669,4
37.94246,8.462669,4
37.94246,8.462669,4
38.3281,8.658614,4
38.61238,8.803056,4
38.79015,8.893376,4
38.79015,8.893376,4
38.94936,8.974271,4
38.94936,8.974271,4
38.94936,8.974271,4
38.94936,8.974271,4
39.19075,9.096915,4
39.19075,9.096915,4
39.19075,9.096915,4
39.19075,9.096915,4
39.19075,9.096915,4
39.19075,9.096915,4
39.19075,9.096915,4
39.19075,9.096915,4
38.92144,8.960086,4
38.92144,8.960086,4
38.92144,8.960086,4
38.92144,8.960086,4
38.92144,8.960086,4
38.92144,8.960086,4
38.92144,8.960086,4
38.92144,8.960086,4
39.18055,9.091734,4
38.95314,8.976192,4
39.12367,9.062837,4
39.12367,9.062837,4
38.97806,8.988851,4
38.97806,8.988851,4
38.97806,8.988851,4
38.97806,8.988851,4
39.83525,16.54727,4
39.83525,16.54727,4
39.83525,16.54727,4
39.83525,16.54727,4
39.83525,16.54727,4
39.83525,16.54727,4
39.83525,16.54727,4
39.83525,16.54727,4
39.85489,16.72044,4
39.85489,16.72044,4
39.85489,16.72044,4
39.85489,16.72044,4
39.85489,16.72044,4
39.85489,16.72044,4
39.85489,16.72044,4
39.85489,16.72044,4
39.8773,16.91811,4
39.90092,17.12631,4
39.92422,17.3318,4
39.92422,17.3318,4
39.9403,17.4736,4
39.97186,17.75189,4
39.97186,17.75189,4
39.97186,17.75189,4
39.97186,17.75189,4
39.97186,17.75189,4
39.97186,17.75189,4
39.97186,17.75189,4
39.97186,17.75189,4
39.97186,17.75189,4
40.0052,18.04582,4
39.98444,17.86282,4
39.98444,17.86282,4
39.98444,17.86282,4
39.98444,17.86282,4
39.98444,17.86282,4
39.98444,17.86282,4
39.98444,17.86282,4
39.98444,17.86282,4
40.00602,18.05311,4
39.98152,17.83706,4
40.00387,18.03411,4
40.00387,18.03411,4
40.00387,18.03411,4
40.00387,18.03411,4
40.00387,18.03411,4
40.00387,18.03411,4
40.00387,18.03411,4
40.00387,18.03411,4
40.00387,18.03411,4
39.97479,17.77768,4
26.36968,13.05494,4
12.58193,8.268791,4
26.41054,11.18002,4
33.6697,12.71813,4
33.81765,12.74948,4
33.81765,12.74948,4
33.81765,12.74948,4
33.81765,12.74948,4
33.81765,12.74948,4
33.81765,12.74948,4
33.81765,12.74948,4
33.81765,12.74948,4
34.03418,12.79536,4
34.21553,12.83378,4
34.44841,12.88313,4
34.44841,12.88313,4
34.44841,12.88313,4
34.44841,12.88313,4
34.44841,12.88313,4
34.44841,12.88313,4
34.44841,12.88313,4
34.44841,12.88313,4
34.44841,12.88313,4
34.74846,12.9467,4
35.00442,13.00094,4
35.00442,13.00094,4
35.00442,13.00094,4
34.73729,12.94435,4
34.90081,12.97899,4
34.90081,12.97899,4
34.90081,12.97899,4
34.90081,12.97899,4
34.90081,12.97899,4
34.90081,12.97899,4
34.90081,12.97899,4
34.90081,12.97899,4
35.05326,13.01128,4
34.76114,12.9494,4
34.98826,12.99751,4
34.98826,12.99751,4
34.98826,12.99751,4
34.98826,12.99751,4
34.98826,12.99751,4
34.98826,12.99751,4
34.98826,12.99751,4
34.98826,12.99751,4
34.98826,12.99751,4
35.22578,13.04782,4
26.16185,17.43734,4
26.16185,17.43734,4
26.16185,17.43734,4
25.90774,17.5604,4
25.90774,17.5604,4
25.90774,17.5604,4
25.90774,17.5604,4
25.90774,17.5604,4
25.90774,17.5604,4
25.90774,17.5604,4
25.90774,17.5604,4
25.90774,17.5604,4
25.72644,17.6482,4
25.52714,17.74472,4
25.35221,17.82943,4
25.35221,17.82943,4
25.35221,17.82943,4
25.20556,17.90045,4
25.20556,17.90045,4
25.20556,17.90045,4
25.20556,17.90045,4
25.20556,17.90045,4
25.20556,17.90045,4
25.20556,17.90045,4
25.20556,17.90045,4
25.20556,17.90045,4
24.90987,18.04365,4
25.17858,17.91352,4
25.17858,17.91352,4
25.17858,17.91352,4
25.17858,17.91352,4
25.17858,17.91352,4
25.17858,17.91352,4
25.17858,17.91352,4
25.17858,17.91352,4
25.17858,17.91352,4
24.99958,18.00021,4
25.23574,17.88532,4
25.04959,17.97588,4
25.04959,17.97588,4
25.04959,17.97588,4
25.04959,17.97588,4
25.04959,17.97588,4
25.04959,17.97588,4
25.04959,17.97588,4
25.04959,17.97588,4
25.04959,17.97588,4
24.75619,18.11861,4
16.061,6.728644,4
7.225617,-4.844962,4
1.825122,-11.91916,4
15.51919,-16.14686,4
26.72847,-19.60745,4
26.72847,-19.60745,4
26.72847,-19.60745,4
26.72847,-19.60745,4
26.72847,-19.60745,4
26.72847,-19.60745,4
26.72847,-19.60745,4
26.72847,-19.60745,4
26.94586,-19.67456,4
27.08584,-19.71778,4
27.30151,-19.78436,4
27.30151,-19.78436,4
27.30151,-19.78436,4
27.30151,-19.78436,4
27.30151,-19.78436,4
27.30151,-19.78436,4
27.30151,-19.78436,4
27.30151,-19.78436,4
27.30151,-19.78436,4
27.5051,-19.84721,4
27.72286,-19.91444,4
27.72286,-19.91444,4
27.72286,-19.91444,4
28.01616,-20.00499,4
28.01616,-20.00499,4
28.01616,-20.00499,4
28.01616,-20.00499,4
28.01616,-20.00499,4
28.01616,-20.00499,4
28.01616,-20.00499,4
28.01616,-20.00499,4
28.01616,-20.00499,4
27.81378,-19.94251,4
27.97847,-19.99335,4
28.16745,-20.0517,4
28.16745,-20.0517,4
28.16745,-20.0517,4
28.16745,-20.0517,4
28.16745,-20.0517,4
28.16745,-20.0517,4
28.16745,-20.0517,4
28.16745,-20.0517,4
28.16745,-20.0517,4
27.8615,-19.95724,4
33.44684,-8.167626,4
33.44684,-8.167626,4
19.41334,-11.34353,4
5.284802,-14.54093,4
-8.599827,-17.68313,4
-8.599827,-17.68313,4
-8.599827,-17.68313,4
-8.599827,-17.68313,4
-8.599827,-17.68313,4
-8.599827,-17.68313,4
-8.599827,-17.68313,4
-8.599827,-17.68313,4
-8.773518,-17.72244,4
-8.952792,-17.76301,4
-9.189548,-17.81659,4
-9.189548,-17.81659,4
-9.189548,-17.81659,4
-9.372435,-17.85798,4
-9.372435,-17.85798,4
-9.372435,-17.85798,4
-9.372435,-17.85798,4
-9.372435,-17.85798,4
-9.372435,-17.85798,4
-9.372435,-17.85798,4
-9.372435,-17.85798,4
-9.372435,-17.85798,4
-9.752984,-17.9441,4
-10.04938,-18.01118,4
-10.04938,-18.01118,4
-10.04938,-18.01118,4
-10.04938,-18.01118,4
-10.04938,-18.01118,4
-10.04938,-18.01118,4
-10.04938,-18.01118,4
-10.04938,-18.01118,4
-10.04938,-18.01118,4
-9.872014,-17.97104,4
-10.01436,-18.00325,4
-9.821851,-17.95969,4
-10.0073,-18.00165,4
-10.0073,-18.00165,4
-9.790102,-17.95253,4
-9.790102,-17.95253,4
-9.790102,-17.95253,4
-9.790102,-17.95253,4
4.119647,-14.47351,4
18.13481,-10.96812,4
32.39018,-13.24365,4
35.54332,-13.761,4
35.54332,-13.761,4
35.54332,-13.761,4
35.54332,-13.761,4
35.54332,-13.761,4
35.69941,-13.78661,4
35.69941,-13.78661,4
35.69941,-13.78661,4
35.69941,-13.78661,4
35.69941,-13.78661,4
35.69941,-13.78661,4
35.69941,-13.78661,4
35.69941,-13.78661,4
35.92829,-13.82416,4
36.10369,-13.85294,4
36.10369,-13.85294,4
36.10369,-13.85294,4
36.10369,-13.85294,4
36.10369,-13.85294,4
36.10369,-13.85294,4
36.10369,-13.85294,4
36.10369,-13.85294,4
36.10369,-13.85294,4
36.4648,-13.91219,4
36.85022,-13.97543,4
36.85022,-13.97543,4
36.85022,-13.97543,4
36.85022,-13.97543,4
36.85022,-13.97543,4
37.07661,-14.01257,4
37.07661,-14.01257,4
37.07661,-14.01257,4
37.07661,-14.01257,4
37.07661,-14.01257,4
37.07661,-14.01257,4
37.07661,-14.01257,4
37.07661,-14.01257,4
36.87831,-13.98003,4
37.14482,-14.02376,4
36.99971,-13.99995,4
36.99971,-13.99995,4
36.99971,-13.99995,4
36.99971,-13.99995,4
36.99971,-13.99995,4
36.99971,-13.99995,4
36.99971,-13.99995,4
36.99971,-13.99995,4
36.99971,-13.99995,4
37.25166,-14.04139,4
37.03551,-14.00584,4
37.03551,-14.00584,4
36.52459,-13.9218,4
36.52459,-13.9218,4
36.52459,-13.9218,4
36.52459,-13.9218,4
36.52459,-13.9218,4
36.52459,-13.9218,4
36.52459,-13.9218,4
36.52459,-13.9218,4
36.52459,-13.9218,4
36.76573,-13.96146,4
37.01929,-14.00317,4
36.72781,-13.95523,4
36.72781,-13.95523,4
36.72781,-13.95523,4
36.72781,-13.95523,4
36.72781,-13.95523,4
36.72781,-13.95523,4
36.72781,-13.95523,4
36.72781,-13.95523,4
36.72781,-13.95523,4
23.23156,-8.969718,4
9.641016,-3.949379,4
-3.917574,1.059158,4
-17.45395,6.059489,4
-18.75779,6.541127,4
-18.75779,6.541127,4
-18.75779,6.541127,4
-18.75779,6.541127,4
-18.75779,6.541127,4
-18.75779,6.541127,4
-18.75779,6.541127,4
-18.75779,6.541127,4
-18.75779,6.541127,4
-18.93311,6.60589,4
-19.15405,6.687505,4
-19.34091,6.756531,4
-19.34091,6.756531,4
-19.34091,6.756531,4
-19.34091,6.756531,4
-19.34091,6.756531,4
-19.34091,6.756531,4
-19.34091,6.756531,4
-19.34091,6.756531,4
-19.34091,6.756531,4
-19.55119,6.83421,4
-5.939565,3.317836,4
8.15435,-0.3231314,4
20.63113,6.850983,4
24.74751,9.265375,4
24.74751,9.265375,4
24.74751,9.265375,4
24.74751,9.265375,4
24.74751,9.265375,4
24.74751,9.265375,4
24.74751,9.265375,4
24.74751,9.265375,4
24.74751,9.265375,4
24.97779,9.400437,4
25.15782,9.506032,4
25.32709,9.605316,4
25.32709,9.605316,4
25.32709,9.605316,4
25.32709,9.605316,4
25.32709,9.605316,4
25.32709,9.605316,4
25.32709,9.605316,4
25.32709,9.605316,4
25.32709,9.605316,4
25.60391,9.767678,4
25.84121,9.906864,4
25.84121,9.906864,4
25.84121,9.906864,4
26.05937,10.03482,4
26.05937,10.03482,4
26.05937,10.03482,4
26.05937,10.03482,4
26.05937,10.03482,4
26.05937,10.03482,4
26.05937,10.03482,4
26.05937,10.03482,4
26.05937,10.03482,4
25.90105,9.941965,4
26.05188,10.03043,4
25.88621,9.93326,4
25.88621,9.93326,4
25.88621,9.93326,4
25.88621,9.93326,4
25.88621,9.93326,4
25.88621,9.93326,4
25.88621,9.93326,4
25.88621,9.93326,4
25.88621,9.93326,4
26.05735,10.03364,4
12.2933,6.186868,4
-1.642931,2.29198,4
11.71209,7.198742,4
25.37405,12.20537,4
31.60346,14.48822,4
31.80259,14.5612,4
31.80259,14.5612,4
31.80259,14.5612,4
31.80259,14.5612,4
31.80259,14.5612,4
31.80259,14.5612,4
31.80259,14.5612,4
31.80259,14.5612,4
31.9585,14.61833,4
32.09763,14.66932,4
32.26308,14.72995,4
32.43093,14.79146,4
32.43093,14.79146,4
32.43093,14.79146,4
32.43093,14.79146,4
32.43093,14.79146,4
32.43093,14.79146,4
32.43093,14.79146,4
32.43093,14.79146,4
32.43093,14.79146,4
32.64067,14.86832,4
32.89425,14.96125,4
32.89425,14.96125,4
32.89425,14.96125,4
32.89425,14.96125,4
32.89425,14.96125,4
32.89425,14.96125,4
32.89425,14.96125,4
32.89425,14.96125,4
32.89425,14.96125,4
32.89425,14.96125,4
33.0491,15.01799,4
32.89596,14.96187,4
33.04508,15.01652,4
33.04508,15.01652,4
33.04508,15.01652,4
33.04508,15.01652,4
33.04508,15.01652,4
33.04508,15.01652,4
33.04508,15.01652,4
33.04508,15.01652,4
33.04508,15.01652,4
32.84697,14.94392,4
33.60155,0.5828755,4
33.92774,-5.624794,4
25.69725,6.143405,4
23.83078,8.812132,4
23.74815,8.930274,4
23.66566,9.048228,4
23.66566,9.048228,4
23.66566,9.048228,4
23.66566,9.048228,4
23.66566,9.048228,4
23.66566,9.048228,4
23.66566,9.048228,4
23.66566,9.048228,4
23.57064,9.184089,4
23.4621,9.339285,4
23.38504,9.449461,4
23.38504,9.449461,4
23.38504,9.449461,4
23.38504,9.449461,4
23.38504,9.449461,4
23.38504,9.449461,4
23.38504,9.449461,4
23.38504,9.449461,4
23.38504,9.449461,4
23.26247,9.624709,4
23.26247,9.624709,4
23.26247,9.624709,4
23.13079,9.812998,4
23.04406,9.937005,4
23.04406,9.937005,4
23.04406,9.937005,4
23.04406,9.937005,4
23.04406,9.937005,4
23.04406,9.937005,4
23.04406,9.937005,4
23.04406,9.937005,4
22.93686,10.09028,4
23.03074,9.956049,4
22.91811,10.11709,4
22.91811,10.11709,4
22.91811,10.11709,4
22.91811,10.11709,4
22.91811,10.11709,4
22.91811,10.11709,4
22.91811,10.11709,4
22.91811,10.11709,4
22.91811,10.11709,4
23.03636,9.948012,4
13.05325,-0.4480972,4
2.957055,-10.96198,4
2.020597,-11.93718,4
-3.649183,1.240008,4
-9.356109,14.50354,4
-9.524374,14.8946,4
-9.524374,14.8946,4
-9.524374,14.8946,4
-9.524374,14.8946,4
-9.524374,14.8946,4
-9.524374,14.8946,4
-9.524374,14.8946,4
-9.524374,14.8946,4
-9.590526,15.04835,4
-9.645092,15.17516,4
-9.717191,15.34273,4
-9.717191,15.34273,4
-9.789084,15.50981,4
2.876374,8.999124,4
15.80196,2.354717,4
4.003598,-5.20805,4
-5.823077,-11.27354,4
-5.823077,-11.27354,4
-5.823077,-11.27354,4
-5.823077,-11.27354,4
-5.823077,-11.27354,4
-5.823077,-11.27354,4
-5.823077,-11.27354,4
-5.823077,-11.27354,4
-5.9541,-11.35441,4
-5.9541,-11.35441,4
-5.9541,-11.35441,4
-5.9541,-11.35441,4
-5.9541,-11.35441,4
-5.9541,-11.35441,4
-5.9541,-11.35441,4
-5.9541,-11.35441,4
-6.088777,-11.43754,4
-6.250556,-11.5374,4
-6.35315,-11.60073,4
-6.35315,-11.60073,4
-6.35315,-11.60073,4
-6.35315,-11.60073,4
-6.35315,-11.60073,4
-6.35315,-11.60073,4
-6.35315,-11.60073,4
-6.35315,-11.60073,4
-6.35315,-11.60073,4
-6.536139,-11.71368,4
-6.743248,-11.84152,4
-6.743248,-11.84152,4
-6.92903,-11.95619,4
-6.92903,-11.95619,4
-6.92903,-11.95619,4
-6.92903,-11.95619,4
-6.92903,-11.95619,4
-6.92903,-11.95619,4
-6.92903,-11.95619,4
-6.92903,-11.95619,4
-6.92903,-11.95619,4
-7.075727,-12.04674,4
-6.935077,-11.95993,4
-7.0836,-12.0516,4
-7.0836,-12.0516,4
-7.0836,-12.0516,4
-7.0836,-12.0516,4
-7.0836,-12.0516,4
-7.0836,-12.0516,4
-7.0836,-12.0516,4
-7.0836,-12.0516,4
-7.0836,-12.0516,4
-6.918819,-11.94989,4
-7.342785,-11.18528,4
-7.342785,-11.18528,4
-7.342785,-11.18528,4
5.933848,-5.567716,4
19.24525,0.06455407,4
32.55671,5.696847,4
39.14653,8.485107,4
39.14653,8.485107,4
39.14653,8.485107,4
39.14653,8.485107,4
39.14653,8.485107,4
39.14653,8.485107,4
38.9949,8.420952,4
38.83485,8.353234,4
38.66948,8.283262,4
38.66948,8.283262,4
38.66948,8.283262,4
38.66948,8.283262,4
38.66948,8.283262,4
38.66948,8.283262,4
38.66948,8.283262,4
38.66948,8.283262,4
38.66948,8.283262,4
38.50379,8.213158,4
38.29822,8.126181,4
38.29822,8.126181,4
38.29822,8.126181,4
38.03742,8.015832,4
38.03742,8.015832,4
38.03742,8.015832,4
38.03742,8.015832,4
38.03742,8.015832,4
38.03742,8.015832,4
38.03742,8.015832,4
38.03742,8.015832,4
38.03742,8.015832,4
37.88863,7.952878,4
38.04528,8.019158,4
37.87441,7.946863,4
37.87441,7.946863,4
37.87441,7.946863,4
37.87441,7.946863,4
37.87441,7.946863,4
37.87441,7.946863,4
37.87441,7.946863,4
37.87441,7.946863,4
37.87441,7.946863,4
38.06559,8.027751,4
23.96174,5.459363,4
9.723662,2.866529,4
23.8913,2.431891,4
37.50288,2.042798,4
37.50288,2.042798,4
37.50288,2.042798,4
37.50288,2.042798,4
37.50288,2.042798,4
37.50288,2.042798,4
37.50288,2.042798,4
37.50288,2.042798,4
37.50288,2.042798,4
37.6754,2.037866,4
37.87898,2.032047,4
38.06209,2.026812,4
38.06209,2.026812,4
38.06209,2.026812,4
38.06209,2.026812,4
38.06209,2.026812,4
38.06209,2.026812,4
38.06209,2.026812,4
38.06209,2.026812,4
38.06209,2.026812,4
38.24955,2.021453,4
38.44321,2.015917,4
38.44321,2.015917,4
38.44321,2.015917,4
38.67347,2.009334,4
38.67347,2.009334,4
38.67347,2.009334,4
38.67347,2.009334,4
38.67347,2.009334,4
38.67347,2.009334,4
38.67347,2.009334,4
38.67347,2.009334,4
38.67347,2.009334,4
38.84084,2.00455,4
39.03033,1.999133,4
38.88666,2.00324,4
38.88666,2.00324,4
38.88666,2.00324,4
38.88666,2.00324,4
38.88666,2.00324,4
38.88666,2.00324,4
38.88666,2.00324,4
38.88666,2.00324,4
38.88666,2.00324,4
39.06364,1.998181,4
34.70395,-5.749103,4
34.70395,-5.749103,4
37.48535,8.332011,4
38.72234,14.59431,4
38.75076,14.73821,4
38.75076,14.73821,4
38.75076,14.73821,4
38.75076,14.73821,4
38.75076,14.73821,4
38.75076,14.73821,4
38.75076,14.73821,4
38.75076,14.73821,4
38.79028,14.93825,4
38.82114,15.09448,4
38.8574,15.27804,4
38.8574,15.27804,4
38.8574,15.27804,4
38.8574,15.27804,4
38.8574,15.27804,4
38.8574,15.27804,4
38.8574,15.27804,4
38.8574,15.27804,4
38.8574,15.27804,4
27.08702,7.045007,4
15.14427,-1.308604,4
3.183894,-9.674541,4
-1.818849,-13.17382,4
-2.064857,-13.34589,4
-2.199322,-13.43995,4
-2.199322,-13.43995,4
-2.199322,-13.43995,4
-2.199322,-13.43995,4
-2.199322,-13.43995,4
-2.199322,-13.43995,4
-2.199322,-13.43995,4
-2.199322,-13.43995,4
-2.37227,-13.56092,4
-2.516185,-13.66158,4
-2.646413,-13.75268,4
-2.646413,-13.75268,4
-2.646413,-13.75268,4
-2.646413,-13.75268,4
-2.646413,-13.75268,4
-2.646413,-13.75268,4
-2.646413,-13.75268,4
-2.646413,-13.75268,4
-2.646413,-13.75268,4
-3.062037,-14.04339,4
-2.839345,-13.88762,4
-2.839345,-13.88762,4
-2.839345,-13.88762,4
-3.188464,-14.13183,4
-3.188464,-14.13183,4
-3.188464,-14.13183,4
-3.188464,-14.13183,4
-3.188464,-14.13183,4
-3.188464,-14.13183,4
-3.188464,-14.13183,4
-3.188464,-14.13183,4
-3.188464,-14.13183,4
-3.019604,-14.01371,4
-2.902135,-13.93154,4
-3.055161,-14.03859,4
-3.055161,-14.03859,4
-3.055161,-14.03859,4
6.232091,-3.146699,4
15.68829,7.94333,4
19.09586,11.93965,4
19.09586,11.93965,4
19.09586,11.93965,4
19.09586,11.93965,4
19.09586,11.93965,4
19.09586,11.93965,4
19.09586,11.93965,4
19.29531,12.17356,4
19.40641,12.30385,4
19.40641,12.30385,4
19.40641,12.30385,4
19.40641,12.30385,4
19.40641,12.30385,4
19.40641,12.30385,4
19.40641,12.30385,4
19.40641,12.30385,4
19.40641,12.30385,4
19.52101,12.43826,4
19.64749,12.58659,4
19.83527,12.80681,4
19.83527,12.80681,4
19.83527,12.80681,4
19.83527,12.80681,4
19.83527,12.80681,4
19.83527,12.80681,4
19.83527,12.80681,4
19.83527,12.80681,4
19.83527,12.80681,4
19.98354,12.98069,4
20.11203,13.13138,4
20.11203,13.13138,4
20.11203,13.13138,4
19.99128,12.98978,4
19.99128,12.98978,4
19.99128,12.98978,4
19.99128,12.98978,4
19.99128,12.98978,4
19.99128,12.98978,4
19.99128,12.98978,4
19.99128,12.98978,4
19.99128,12.98978,4
20.1326,13.15551,4
20.00578,13.00678,4
20.00578,13.00678,4
20.00578,13.00678,4
20.00578,13.00678,4
6.632945,7.583755,4
-6.800915,2.135985,4
-8.704756,10.59323,4
-8.745368,10.78674,4
-8.745368,10.78674,4
-8.745368,10.78674,4
-8.745368,10.78674,4
-8.745368,10.78674,4
-8.745368,10.78674,4
-8.745368,10.78674,4
-8.745368,10.78674,4
-8.745368,10.78674,4
-8.784694,10.97411,4
-8.784694,10.97411,4
-8.784694,10.97411,4
-8.784694,10.97411,4
-8.784694,10.97411,4
-8.784694,10.97411,4
-8.784694,10.97411,4
-8.784694,10.97411,4
-8.821594,11.14994,4
-8.867906,11.3706,4
-8.867906,11.3706,4
-8.867906,11.3706,4
-8.867906,11.3706,4
-8.867906,11.3706,4
-8.867906,11.3706,4
-8.867906,11.3706,4
-8.867906,11.3706,4
-8.867906,11.3706,4
-8.90805,11.56187,4
-8.956703,11.7937,4
-8.956703,11.7937,4
-8.956703,11.7937,4
-9.026165,12.12467,4
-9.026165,12.12467,4
-9.026165,12.12467,4
-9.026165,12.12467,4
-9.026165,12.12467,4
-9.026165,12.12467,4
-9.026165,12.12467,4
-9.026165,12.12467,4
-9.026165,12.12467,4
-8.992089,11.96231,4
-9.02805,12.13365,4
-8.98844,11.94492,4
-8.98844,11.94492,4
-8.98844,11.94492,4
-8.98844,11.94492,4
-8.98844,11.94492,4
-8.98844,11.94492,4
-8.98844,11.94492,4
-8.98844,11.94492,4
-8.98844,11.94492,4
-9.077288,12.36827,4
4.83918,11.56593,4
19.40838,10.72596,4
30.64099,10.07835,4
30.9203,10.06225,4
30.9203,10.06225,4
30.9203,10.06225,4
30.9203,10.06225,4
30.9203,10.06225,4
30.9203,10.06225,4
30.9203,10.06225,4
30.9203,10.06225,4
30.9203,10.06225,4
31.08628,10.05268,4
31.23032,10.04437,4
31.40856,10.0341,4
31.40856,10.0341,4
31.40856,10.0341,4
31.40856,10.0341,4
31.40856,10.0341,4
31.40856,10.0341,4
31.40856,10.0341,4
31.40856,10.0341,4
31.40856,10.0341,4
31.60766,10.02262,4
33.60454,-4.186083,4
33.79846,-5.565925,4
31.56981,-0.3369251,4
31.47723,-0.1197181,4
31.38791,0.08984523,4
31.38791,0.08984523,4
31.38791,0.08984523,4
31.38791,0.08984523,4
31.38791,0.08984523,4
31.38791,0.08984523,4
31.38791,0.08984523,4
31.38791,0.08984523,4
31.30768,0.2781002,4
31.24008,0.4366959,4
31.16726,0.6075553,4
31.16726,0.6075553,4
31.16726,0.6075553,4
31.16726,0.6075553,4
31.16726,0.6075553,4
31.16726,0.6075553,4
31.16726,0.6075553,4
31.16726,0.6075553,4
31.16726,0.6075553,4
31.07042,0.8347679,4
30.98505,1.035066,4
30.98505,1.035066,4
30.98505,1.035066,4
31.07791,0.8172102,4
31.07791,0.8172102,4
31.01744,0.9590811,4
31.01744,0.9590811,4
31.01744,0.9590811,4
31.01744,0.9590811,4
31.01744,0.9590811,4
31.01744,0.9590811,4
31.01744,0.9590811,4
31.01744,0.9590811,4
30.95221,1.112125,4
31.03124,0.9267016,4
30.96541,1.081163,4
30.96541,1.081163,4
30.96541,1.081163,4
30.96541,1.081163,4
30.96541,1.081163,4
30.96541,1.081163,4
30.96541,1.081163,4
30.96541,1.081163,4
30.96541,1.081163,4
31.06896,0.8382149,4
16.84017,-0.001918633,4
2.437685,-0.8523086,4
15.29825,3.206323,4
29.10625,7.421844,4
29.65332,7.588863,4
29.65332,7.588863,4
29.65332,7.588863,4
29.65332,7.588863,4
29.65332,7.588863,4
29.65332,7.588863,4
29.65332,7.588863,4
29.82602,7.641586,4
30.01299,7.698669,4
30.22541,7.76352,4
30.22541,7.76352,4
30.22541,7.76352,4
30.22541,7.76352,4
30.22541,7.76352,4
30.22541,7.76352,4
30.22541,7.76352,4
30.22541,7.76352,4
30.22541,7.76352,4
30.43441,7.827326,4
30.6774,7.90151,4
30.93014,7.978672,4
30.93014,7.978672,4
31.1905,8.05816,4
31.00085,8.000258,4
31.00085,8.000258,4
31.00085,8.000258,4
31.00085,8.000258,4
31.00085,8.000258,4
31.00085,8.000258,4
31.00085,8.000258,4
31.00085,8.000258,4
30.77024,7.929883,4
31.00434,8.001325,4
30.77809,7.932287,4
30.77809,7.932287,4
30.77809,7.932287,4
30.77809,7.932287,4
30.77809,7.932287,4
30.77809,7.932287,4
30.77809,7.932287,4
30.77809,7.932287,4
30.77809,7.932287,4
30.98104,7.994216,4
33.7269,-5.643662,4
33.7269,-5.643662,4
26.79903,6.922832,4
24.69862,10.73276,4
24.69862,10.73276,4
24.69862,10.73276,4
24.69862,10.73276,4
24.69862,10.73276,4
24.69862,10.73276,4
24.69862,10.73276,4
24.69862,10.73276,4
24.69862,10.73276,4
24.60516,10.9023,4
24.53282,11.03351,4
24.42426,11.23043,4
24.42426,11.23043,4
24.42426,11.23043,4
24.42426,11.23043,4
24.42426,11.23043,4
24.42426,11.23043,4
24.42426,11.23043,4
24.42426,11.23043,4
24.42426,11.23043,4
24.29806,11.45934,4
14.24707,1.68659,4
3.819149,-8.452662,4
-4.945141,-16.97434,4
-5.144902,-17.16857,4
-5.144902,-17.16857,4
-5.144902,-17.16857,4
-5.144902,-17.16857,4
-5.144902,-17.16857,4
-5.144902,-17.16857,4
-5.144902,-17.16857,4
-5.144902,-17.16857,4
-5.144902,-17.16857,4
-5.288554,-17.30825,4
-5.406942,-17.42336,4
-5.570538,-17.58243,4
-5.570538,-17.58243,4
-5.570538,-17.58243,4
-5.570538,-17.58243,4
-5.570538,-17.58243,4
-5.570538,-17.58243,4
-5.570538,-17.58243,4
-5.570538,-17.58243,4
-5.570538,-17.58243,4
-5.737246,-17.74452,4
-13.93517,-6.284415,4
-16.21622,-3.095666,4
-8.687791,-15.27052,4
-7.714949,-16.84379,4
-7.714949,-16.84379,4
-7.714949,-16.84379,4
-7.714949,-16.84379,4
-7.714949,-16.84379,4
-7.714949,-16.84379,4
-7.714949,-16.84379,4
-7.714949,-16.84379,4
-7.714949,-16.84379,4
-7.59493,-17.03788,4
-7.503226,-17.18619,4
-7.3921,-17.3659,4
-7.3921,-17.3659,4
-7.3921,-17.3659,4
-7.3921,-17.3659,4
-7.3921,-17.3659,4
-7.3921,-17.3659,4
-7.3921,-17.3659,4
-7.3921,-17.3659,4
-7.3921,-17.3659,4
-7.275982,-17.55368,4
-7.151513,-17.75497,4
-7.151513,-17.75497,4
-7.151513,-17.75497,4
-6.997017,-18.00482,4
-6.997017,-18.00482,4
-6.997017,-18.00482,4
-6.997017,-18.00482,4
-6.997017,-18.00482,4
-6.997017,-18.00482,4
-6.997017,-18.00482,4
-6.997017,-18.00482,4
-6.997017,-18.00482,4
-7.097366,-17.84256,4
-6.972636,-18.04425,4
-7.064876,-17.89509,4
-7.064876,-17.89509,4
-7.064876,-17.89509,4
-7.064876,-17.89509,4
-7.064876,-17.89509,4
-7.064876,-17.89509,4
-7.064876,-17.89509,4
-7.064876,-17.89509,4
-7.064876,-17.89509,4
-6.947738,-18.08451,4
-14.53471,-5.944687,4
-16.23911,-3.217501,4
-7.628369,-14.80811,4
-6.801515,-15.92111,4
-6.713104,-16.04012,4
-6.713104,-16.04012,4
-6.713104,-16.04012,4
-6.713104,-16.04012,4
-6.713104,-16.04012,4
-6.713104,-16.04012,4
-6.713104,-16.04012,4
-6.713104,-16.04012,4
-6.607616,-16.18211,4
-6.516286,-16.30505,4
-6.365917,-16.50745,4
-6.365917,-16.50745,4
-6.365917,-16.50745,4
-6.365917,-16.50745,4
-6.365917,-16.50745,4
-6.365917,-16.50745,4
-6.365917,-16.50745,4
-6.365917,-16.50745,4
-6.365917,-16.50745,4
-6.245946,-16.66894,4
-6.128378,-16.82719,4
-6.128378,-16.82719,4
-6.128378,-16.82719,4
-5.999907,-17.00013,4
-5.999907,-17.00013,4
-5.999907,-17.00013,4
-5.999907,-17.00013,4
-5.999907,-17.00013,4
-5.999907,-17.00013,4
-5.999907,-17.00013,4
-5.999907,-17.00013,4
-5.999907,-17.00013,4
-6.310348,-16.58198,4
-6.191863,-16.74157,4
-6.114537,-16.84573,4
-6.114537,-16.84573,4
-6.114537,-16.84573,4
-6.017479,-16.97646,4
-6.017479,-16.97646,4
-6.017479,-16.97646,4
-6.017479,-16.97646,4
-6.017479,-16.97646,4
-6.017479,-16.97646,4
-6.017479,-16.97646,4
-6.017479,-16.97646,4
-6.017479,-16.97646,4
-5.827886,-17.23182,4
-5.985942,-17.01893,4
-5.985942,-17.01893,4
-5.985942,-17.01893,4
-5.985942,-17.01893,4
-5.985942,-17.01893,4
-5.985942,-17.01893,4
-5.985942,-17.01893,4
-5.985942,-17.01893,4
-5.985942,-17.01893,4
-6.116127,-16.84359,4
-6.01667,-16.97755,4
-6.01667,-16.97755,4
-6.01667,-16.97755,4
-6.01667,-16.97755,4
8.18841,-18.07795,4
22.70208,-19.20227,4
31.5767,-19.88975,4
31.5767,-19.88975,4
31.5767,-19.88975,4
31.5767,-19.88975,4
31.5767,-19.88975,4
31.5767,-19.88975,4
31.5767,-19.88975,4
31.5767,-19.88975,4
31.84144,-19.91026,4
32.01301,-19.92355,4
32.01301,-19.92355,4
32.01301,-19.92355,4
32.01301,-19.92355,4
32.01301,-19.92355,4
32.01301,-19.92355,4
32.01301,-19.92355,4
32.01301,-19.92355,4
32.2234,-19.93985,4
32.39638,-19.95325,4
32.53615,-19.96407,4
32.53615,-19.96407,4
32.53615,-19.96407,4
32.53615,-19.96407,4
32.53615,-19.96407,4
32.53615,-19.96407,4
32.53615,-19.96407,4
32.53615,-19.96407,4
32.53615,-19.96407,4
32.77306,-19.98242,4
32.97239,-19.99786,4
19.42886,-15.12007,4
5.703995,-10.17698,4
19.53619,-12.79807,4
29.60909,-14.73284,4
29.60909,-14.73284,4
29.60909,-14.73284,4
29.60909,-14.73284,4
29.60909,-14.73284,4
29.60909,-14.73284,4
29.60909,-14.73284,4
29.60909,-14.73284,4
29.7778,-14.76524,4
29.96906,-14.80198,4
29.96906,-14.80198,4
29.96906,-14.80198,4
29.96906,-14.80198,4
30.16355,-14.83934,4
30.16355,-14.83934,4
30.16355,-14.83934,4
30.16355,-14.83934,4
30.4472,-14.89382,4
30.66102,-14.93489,4
30.66102,-14.93489,4
30.66102,-14.93489,4
30.66102,-14.93489,4
30.66102,-14.93489,4
30.66102,-14.93489,4
30.66102,-14.93489,4
30.82004,-14.96543,4
30.82004,-14.96543,4
30.82004,-14.96543,4
30.82004,-14.96543,4
30.82004,-14.96543,4
30.82004,-14.96543,4
30.82004,-14.96543,4
30.82004,-14.96543,4
30.97221,-14.99466,4
31.14793,-15.02841,4
30.99616,-14.99926,4
30.99616,-14.99926,4
25.25917,-1.956495,4
20.58828,8.662561,4
20.58828,8.662561,4
20.58828,8.662561,4
20.51332,8.832982,4
20.4548,8.966032,4
20.4548,8.966032,4
20.4548,8.966032,4
20.4548,8.966032,4
20.4548,8.966032,4
20.4548,8.966032,4
20.4548,8.966032,4
20.38421,9.126512,4
20.38421,9.126512,4
20.38421,9.126512,4
20.38421,9.126512,4
20.38421,9.126512,4
20.38421,9.126512,4
20.38421,9.126512,4
20.38421,9.126512,4
20.31823,9.276505,4
20.24247,9.448756,4
20.17373,9.605021,4
20.17373,9.605021,4
20.17373,9.605021,4
20.17373,9.605021,4
20.17373,9.605021,4
20.17373,9.605021,4
20.17373,9.605021,4
20.17373,9.605021,4
20.17373,9.605021,4
20.09241,9.789907,4
19.98862,10.02588,4
20.10749,9.755614,4
20.10749,9.755614,4
20.10749,9.755614,4
20.10749,9.755614,4
20.10749,9.755614,4
20.10749,9.755614,4
20.10749,9.755614,4
20.10749,9.755614,4
20.10749,9.755614,4
20.10749,9.755614,4
20.04067,9.907527,4
19.96409,10.08165,4
20.04027,9.908451,4
20.04027,9.908451,4
20.04027,9.908451,4
20.04027,9.908451,4
20.04027,9.908451,4
20.04027,9.908451,4
20.04027,9.908451,4
20.04027,9.908451,4
20.04027,9.908451,4
19.96542,10.07862,4
8.587775,1.31584,4
-2.858256,-7.499606,4
-8.831367,-12.09995,4
-8.984276,-12.21772,4
-8.984276,-12.21772,4
-8.984276,-12.21772,4
-8.984276,-12.21772,4
-8.984276,-12.21772,4
-8.984276,-12.21772,4
-8.984276,-12.21772,4
-8.984276,-12.21772,4
-8.984276,-12.21772,4
-9.109598,-12.31423,4
-9.253991,-12.42544,4
-9.409178,-12.54496,4
-9.409178,-12.54496,4
-9.409178,-12.54496,4
-9.409178,-12.54496,4
-9.409178,-12.54496,4
-9.409178,-12.54496,4
-9.409178,-12.54496,4
-9.409178,-12.54496,4
-9.409178,-12.54496,4
-9.560347,-12.66139,4
-9.739772,-12.79958,4
-9.739772,-12.79958,4
-9.739772,-12.79958,4
-9.936234,-12.95089,4
-9.936234,-12.95089,4
-9.936234,-12.95089,4
-9.936234,-12.95089,4
-9.936234,-12.95089,4
-9.936234,-12.95089,4
-9.936234,-12.95089,4
-9.936234,-12.95089,4
-9.936234,-12.95089,4
-10.06876,-13.05295,4
-9.938754,-12.95283,4
-10.10086,-13.07768,4
-10.10086,-13.07768,4
-10.10086,-13.07768,4
-13.1667,0.9948691,4
-15.48171,6.72968,4
-15.54095,6.874872,4
-15.54095,6.874872,4
-15.54095,6.874872,4
-15.54095,6.874872,4
-15.54095,6.874872,4
-15.54095,6.874872,4
-15.54095,6.874872,4
-15.54095,6.874872,4
-15.54095,6.874872,4
-15.60205,7.024617,4
-15.65995,7.166553,4
-15.65995,7.166553,4
-15.65995,7.166553,4
-15.65995,7.166553,4
-15.65995,7.166553,4
-15.65995,7.166553,4
-15.65995,7.166553,4
-15.65995,7.166553,4
-15.72633,7.32924,4
-15.79502,7.497591,4
-15.79502,7.497591,4
-15.79502,7.497591,4
-15.79502,7.497591,4
-15.79502,7.497591,4
-15.79502,7.497591,4
-15.79502,7.497591,4
-15.79502,7.497591,4
-15.79502,7.497591,4
-15.87452,7.692442,4
-15.96292,7.909114,4
-15.96292,7.909114,4
-15.96292,7.909114,4
-16.05721,8.140215,4
-16.05721,8.140215,4
-16.05721,8.140215,4
-16.05721,8.140215,4
-16.05721,8.140215,4
-16.05721,8.140215,4
-16.05721,8.140215,4
-16.05721,8.140215,4
-16.05721,8.140215,4
-15.992,7.980398,4
-16.05791,8.141933,4
-16.0018,8.004422,4
-16.0018,8.004422,4
-16.0018,8.004422,4
-15.93961,7.852002,4
-15.93961,7.852002,4
-15.93961,7.852002,4
-15.93961,7.852002,4
-15.93961,7.852002,4
-15.93961,7.852002,4
-15.93961,7.852002,4
-15.93961,7.852002,4
-15.93961,7.852002,4
-16.05461,8.133842,4
-15.99073,7.977281,4
-15.99073,7.977281,4
-15.99073,7.977281,4
-15.99073,7.977281,4
-15.99073,7.977281,4
-15.99073,7.977281,4
-15.99073,7.977281,4
-15.99073,7.977281,4
-15.99073,7.977281,4
-16.06948,8.170303,4
-16.00614,8.015058,4
-15.94918,7.875451,4
-15.94918,7.875451,4
-15.94918,7.875451,4
-15.94918,7.875451,4
-15.94918,7.875451,4
-15.94918,7.875451,4
-15.94918,7.875451,4
-15.94918,7.875451,4
-15.94918,7.875451,4
-1.625042,7.925076,4
12.88561,7.975349,4
18.54533,7.994957,4
18.54533,7.994957,4
18.76394,7.995715,4
18.76394,7.995715,4
18.76394,7.995715,4
18.76394,7.995715,4
18.76394,7.995715,4
18.76394,7.995715,4
18.76394,7.995715,4
18.76394,7.995715,4
18.76394,7.995715,4
18.92879,7.996286,4
19.09893,7.996876,4
19.24096,7.997369,4
19.24096,7.997369,4
19.24096,7.997369,4
19.24096,7.997369,4
19.24096,7.997369,4
19.24096,7.997369,4
19.24096,7.997369,4
19.24096,7.997369,4
19.24096,7.997369,4
19.4313,7.998029,4
19.6365,7.99874,4
19.6365,7.99874,4
19.6365,7.99874,4
19.6365,7.99874,4
19.6365,7.99874,4
19.81382,7.999355,4
19.81382,7.999355,4
19.81382,7.999355,4
19.81382,7.999355,4
19.81382,7.999355,4
19.81382,7.999355,4
19.81382,7.999355,4
19.81382,7.999355,4
19.98215,7.999938,4
20.17676,8.000614,4
20.04033,8.00014,4
20.04033,8.00014,4
20.04033,8.00014,4
20.04033,8.00014,4
20.04033,8.00014,4
20.04033,8.00014,4
20.04033,8.00014,4
20.04033,8.00014,4
20.04033,8.00014,4
19.79205,7.999277,4
10.18949,-2.731154,4
23.14192,-8.933446,4
32.72035,-13.40289,4
32.72035,-13.40289,4
32.72035,-13.40289,4
32.72035,-13.40289,4
32.72035,-13.40289,4
32.72035,-13.40289,4
32.72035,-13.40289,4
32.72035,-13.40289,4
32.72035,-13.40289,4
32.89153,-13.48277,4
33.03632,-13.55033,4
33.03632,-13.55033,4
33.03632,-13.55033,4
33.03632,-13.55033,4
33.18053,-13.61762,4
33.18053,-13.61762,4
33.18053,-13.61762,4
33.18053,-13.61762,4
33.18053,-13.61762,4
33.18053,-13.61762,4
33.18053,-13.61762,4
33.18053,-13.61762,4
33.18053,-13.61762,4
33.45361,-13.74505,4
33.6018,-13.81419,4
33.6018,-13.81419,4
33.6018,-13.81419,4
33.6018,-13.81419,4
33.6018,-13.81419,4
33.6018,-13.81419,4
33.6018,-13.81419,4
33.6018,-13.81419,4
33.6018,-13.81419,4
33.75482,-13.8856,4
33.90951,-13.95777,4
34.07664,-14.03576,4
34.07664,-14.03576,4
34.07664,-14.03576,4
34.07664,-14.03576,4
34.07664,-14.03576,4
34.07664,-14.03576,4
34.07664,-14.03576,4
34.07664,-14.03576,4
34.07664,-14.03576,4
33.88307,-13.94544,4
19.64458,-15.70581,4
5.225609,-17.48849,4
-5.529954,-18.81825,4
-5.529954,-18.81825,4
-5.529954,-18.81825,4
-5.529954,-18.81825,4
-5.529954,-18.81825,4
-5.529954,-18.81825,4
-5.529954,-18.81825,4
-5.529954,-18.81825,4
-5.529954,-18.81825,4
-5.529954,-18.81825,4
-5.698586,-18.8391,4
-5.848229,-18.8576,4
-6.035569,-18.88076,4
-6.035569,-18.88076,4
-6.035569,-18.88076,4
-6.035569,-18.88076,4
-6.035569,-18.88076,4
-6.035569,-18.88076,4
-6.035569,-18.88076,4
-6.035569,-18.88076,4
-6.035569,-18.88076,4
-6.239082,-18.90592,4
-6.460802,-18.93334,4
-6.460802,-18.93334,4
-6.460802,-18.93334,4
-6.621331,-18.95318,4
-6.621331,-18.95318,4
-6.621331,-18.95318,4
-6.621331,-18.95318,4
-6.621331,-18.95318,4
-6.621331,-18.95318,4
-6.621331,-18.95318,4
-6.621331,-18.95318,4
-6.621331,-18.95318,4
-6.790836,-18.97414,4
-7.001814,-19.00023,4
-6.862936,-18.983,4
-7.037794,-19.00469,4
-7.037794,-19.00469,4
-7.037794,-19.00469,4
-7.037794,-19.00469,4
-7.037794,-19.00469,4
-7.037794,-19.00469,4
-7.037794,-19.00469,4
-7.037794,-19.00469,4
-7.037794,-19.00469,4
-6.782661,-18.97304,4
-0.1411878,-13.87584,4
-0.1411878,-13.87584,4
14.24965,-13.55382,4
28.79254,-13.22841,4
37.50399,-13.03348,4
37.50399,-13.03348,4
37.50399,-13.03348,4
37.50399,-13.03348,4
37.50399,-13.03348,4
37.50399,-13.03348,4
37.50399,-13.03348,4
37.67617,-13.02962,4
37.86161,-13.02547,4
38.05372,-13.02118,4
38.05372,-13.02118,4
38.05372,-13.02118,4
38.05372,-13.02118,4
38.05372,-13.02118,4
38.05372,-13.02118,4
38.05372,-13.02118,4
38.05372,-13.02118,4
38.05372,-13.02118,4
38.24563,-13.01688,4
38.44403,-13.01244,4
24.38777,-10.22055,4
10.2101,-7.40454,4
22.32982,-14.77243,4
29.7712,-19.25911,4
29.89918,-19.33628,4
29.89918,-19.33628,4
29.89918,-19.33628,4
29.89918,-19.33628,4
29.89918,-19.33628,4
29.89918,-19.33628,4
29.89918,-19.33628,4
29.89918,-19.33628,4
30.07599,-19.44289,4
30.25573,-19.55126,4
30.25573,-19.55126,4
30.25573,-19.55126,4
30.25573,-19.55126,4
30.25573,-19.55126,4
30.25573,-19.55126,4
30.25573,-19.55126,4
30.25573,-19.55126,4
30.25573,-19.55126,4
30.42946,-19.656,4
30.64232,-19.78434,4
30.84345,-19.90561,4
30.84345,-19.90561,4
31.03167,-20.01909,4
31.03167,-20.01909,4
31.03167,-20.01909,4
31.03167,-20.01909,4
31.03167,-20.01909,4
31.03167,-20.01909,4
31.03167,-20.01909,4
31.03167,-20.01909,4
31.03167,-20.01909,4
30.88675,-19.93172,4
31.04166,-20.02512,4
31.04166,-20.02512,4
31.04166,-20.02512,4
31.04166,-20.02512,4
30.88642,-19.93152,4
30.88642,-19.93152,4
30.88642,-19.93152,4
30.88642,-19.93152,4
30.88642,-19.93152,4
30.88642,-19.93152,4
30.88642,-19.93152,4
30.88642,-19.93152,4
30.88642,-19.93152,4
31.15391,-20.09279,4
30.93446,-19.96049,4
30.93446,-19.96049,4
30.93446,-19.96049,4
30.93446,-19.96049,4
30.93446,-19.96049,4
30.93446,-19.96049,4
30.93446,-19.96049,4
30.93446,-19.96049,4
30.93446,-19.96049,4
31.0922,-20.05559,4
30.95495,-19.97284,4
31.12605,-20.076,4
31.12605,-20.076,4
31.12605,-20.076,4
30.99874,-19.99924,4
30.99874,-19.99924,4
30.99874,-19.99924,4
30.99874,-19.99924,4
33.66633,-8.445289,4
33.66633,-8.445289,4
33.94196,5.965696,4
33.97186,7.529053,4
33.97186,7.529053,4
33.97186,7.529053,4
33.97186,7.529053,4
33.97186,7.529053,4
33.97518,7.702763,4
33.97518,7.702763,4
33.97518,7.702763,4
33.97518,7.702763,4
33.97518,7.702763,4
33.97518,7.702763,4
33.97518,7.702763,4
33.97518,7.702763,4
33.97823,7.86215,4
33.98195,8.05634,4
33.98463,8.196787,4
33.98463,8.196787,4
33.98463,8.196787,4
33.98463,8.196787,4
33.98463,8.196787,4
33.98463,8.196787,4
33.98463,8.196787,4
33.98463,8.196787,4
33.98463,8.196787,4
33.98896,8.423207,4
33.9931,8.639369,4
33.9931,8.639369,4
33.99793,8.891717,4
33.99793,8.891717,4
33.99793,8.891717,4
33.99793,8.891717,4
33.99793,8.891717,4
33.99793,8.891717,4
33.99793,8.891717,4
33.99793,8.891717,4
33.99793,8.891717,4
34.0011,9.057405,4
33.99786,8.888043,4
34.0009,9.047257,4
34.0009,9.047257,4
34.0009,9.047257,4
34.0009,9.047257,4
34.0009,9.047257,4
34.0009,9.047257,4
34.0009,9.047257,4
34.0009,9.047257,4
34.0009,9.047257,4
33.99717,8.852075,4
19.9369,5.860082,4
5.750386,2.841225,4
0.03026896,-10.43605,4
-3.425859,-18.63754,4
-3.425859,-18.63754,4
-3.425859,-18.63754,4
-3.425859,-18.63754,4
-3.425859,-18.63754,4
-3.425859,-18.63754,4
-3.425859,-18.63754,4
-3.425859,-18.63754,4
-3.425859,-18.63754,4
-3.491906,-18.79428,4
-3.554527,-18.94288,4
-3.625306,-19.11084,4
-3.625306,-19.11084,4
-3.625306,-19.11084,4
-3.625306,-19.11084,4
-3.625306,-19.11084,4
-3.625306,-19.11084,4
-3.625306,-19.11084,4
-3.625306,-19.11084,4
-3.625306,-19.11084,4
-3.701742,-19.29222,4
-3.784875,-19.4895,4
-3.784875,-19.4895,4
-3.784875,-19.4895,4
-3.859161,-19.66578,4
-3.859161,-19.66578,4
-3.859161,-19.66578,4
-3.859161,-19.66578,4
-3.859161,-19.66578,4
-3.859161,-19.66578,4
-3.859161,-19.66578,4
-3.859161,-19.66578,4
-3.859161,-19.66578,4
-3.927427,-19.82778,4
-3.991047,-19.97876,4
-4.065725,-20.15596,4
-4.065725,-20.15596,4
-4.065725,-20.15596,4
-4.065725,-20.15596,4
-4.065725,-20.15596,4
-4.065725,-20.15596,4
-4.065725,-20.15596,4
-4.065725,-20.15596,4
-4.065725,-20.15596,4
-12.38607,-8.47662,4
-16.21206,-3.106039,4
-16.02358,-14.56633,4
-2.287916,-10.37584,4
11.69247,-6.110686,4
25.49465,-1.899903,4
33.68961,0.6002246,4
33.68961,0.6002246,4
33.68961,0.6002246,4
33.68961,0.6002246,4
33.68961,0.6002246,4
33.68961,0.6002246,4
33.68961,0.6002246,4
33.68961,0.6002246,4
33.84673,0.6481586,4
34.03138,0.704492,4
34.20249,0.7566954,4
34.20249,0.7566954,4
34.20249,0.7566954,4
34.20249,0.7566954,4
34.20249,0.7566954,4
34.20249,0.7566954,4
34.20249,0.7566954,4
34.20249,0.7566954,4
34.20249,0.7566954,4
34.41115,0.8203532,4
34.65305,0.894152,4
34.65305,0.894152,4
34.87778,0.962713,4
34.87778,0.962713,4
34.87778,0.962713,4
34.87778,0.962713,4
34.87778,0.962713,4
34.87778,0.962713,4
34.87778,0.962713,4
34.87778,0.962713,4
34.87778,0.962713,4
35.04231,1.012908,4
34.86349,0.9583501,4
35.04739,1.014457,4
35.04739,1.014457,4
35.04739,1.014457,4
35.04739,1.014457,4
35.04739,1.014457,4
35.04739,1.014457,4
35.04739,1.014457,4
35.04739,1.014457,4
35.04739,1.014457,4
34.83784,0.9505258,4
34.14194,-5.653086,4
34.14194,-5.653086,4
38.46794,8.121632,4
39.55878,11.59505,4
39.55878,11.59505,4
39.55878,11.59505,4
39.55878,11.59505,4
39.55878,11.59505,4
39.55878,11.59505,4
39.55878,11.59505,4
39.55878,11.59505,4
39.55878,11.59505,4
39.60817,11.75232,4
39.64859,11.88103,4
39.69284,12.02193,4
39.69284,12.02193,4
39.69284,12.02193,4
39.69284,12.02193,4
39.69284,12.02193,4
39.69284,12.02193,4
39.69284,12.02193,4
39.69284,12.02193,4
39.69284,12.02193,4
39.75472,12.21896,4
39.82613,12.44633,4
39.82613,12.44633,4
39.82613,12.44633,4
39.89393,12.66225,4
39.89393,12.66225,4
39.89393,12.66225,4
39.89393,12.66225,4
39.89393,12.66225,4
39.89393,12.66225,4
39.89393,12.66225,4
39.89393,12.66225,4
39.89393,12.66225,4
39.944,12.82168,4
40.00007,13.00022,4
39.93887,12.80557,4
39.93887,12.80557,4
39.93887,12.80557,4
39.93887,12.80557,4
39.93887,12.80557,4
39.93887,12.80557,4
39.93887,12.80557,4
39.93887,12.80557,4
39.93887,12.80557,4
40.00345,13.01096,4
39.94065,12.81133,4
39.94065,12.81133,4
39.94065,12.81133,4
40.01222,13.03884,4
40.01222,13.03884,4
40.01222,13.03884,4
40.01222,13.03884,4
40.01222,13.03884,4
40.01222,13.03884,4
40.01222,13.03884,4
40.01222,13.03884,4
40.01222,13.03884,4
39.9618,12.87855,4
40.00126,13.00399,4
39.94358,12.82067,4
39.94358,12.82067,4
39.94358,12.82067,4
39.94358,12.82067,4
39.94358,12.82067,4
39.94358,12.82067,4
39.94358,12.82067,4
39.94358,12.82067,4
39.94358,12.82067,4
32.78276,1.263368,4
32.66836,1.078729,4
33.76344,-5.564817,4
33.76344,-5.564817,4
20.01121,-9.659586,4
6.112182,-13.79806,4
-6.596018,-17.58196,4
-6.596018,-17.58196,4
-6.596018,-17.58196,4
-6.596018,-17.58196,4
-6.596018,-17.58196,4
-6.596018,-17.58196,4
-6.596018,-17.58196,4
-6.596018,-17.58196,4
-6.754225,-17.62907,4
-6.897596,-17.67175,4
-6.897596,-17.67175,4
-6.897596,-17.67175,4
-6.897596,-17.67175,4
-6.897596,-17.67175,4
-6.897596,-17.67175,4
-6.897596,-17.67175,4
-6.897596,-17.67175,4
-6.897596,-17.67175,4
-7.097772,-17.73136,4
-7.310621,-17.79473,4
-7.310621,-17.79473,4
-7.310621,-17.79473,4
-7.53865,-17.86263,4
-7.53865,-17.86263,4
-7.53865,-17.86263,4
-7.53865,-17.86263,4
-7.53865,-17.86263,4
-7.53865,-17.86263,4
-7.53865,-17.86263,4
-7.53865,-17.86263,4
-7.53865,-17.86263,4
-7.71006,-17.91367,4
-7.864278,-17.95959,4
-8.046161,-18.01374,4
-8.046161,-18.01374,4
-8.046161,-18.01374,4
-7.891133,-17.96758,4
-7.891133,-17.96758,4
-7.891133,-17.96758,4
-7.891133,-17.96758,4
-7.891133,-17.96758,4
-7.891133,-17.96758,4
-7.891133,-17.96758,4
-7.891133,-17.96758,4
-7.891133,-17.96758,4
-8.158135,-18.04708,4
-7.939898,-17.98211,4
-7.939898,-17.98211,4
-7.939898,-17.98211,4
-7.939898,-17.98211,4
-7.939898,-17.98211,4
-7.939898,-17.98211,4
-7.939898,-17.98211,4
-7.939898,-17.98211,4
-7.939898,-17.98211,4
-8.098475,-18.02932,4
-7.943532,-17.98319,4
-8.156094,-18.04648,4
-8.156094,-18.04648,4
-8.156094,-18.04648,4
-8.156094,-18.04648,4
-8.156094,-18.04648,4
-8.156094,-18.04648,4
-8.156094,-18.04648,4
-8.156094,-18.04648,4
-8.156094,-18.04648,4
1.667503,-7.58595,4
11.58787,2.977618,4
19.99461,11.92942,4
19.99461,11.92942,4
20.17491,12.12141,4
20.17491,12.12141,4
20.17491,12.12141,4
20.17491,12.12141,4
20.17491,12.12141,4
20.17491,12.12141,4
20.17491,12.12141,4
20.17491,12.12141,4
20.17491,12.12141,4
20.29391,12.24813,4
20.41351,12.37548,4
20.54215,12.51246,4
20.54215,12.51246,4
20.54215,12.51246,4
20.54215,12.51246,4
20.54215,12.51246,4
20.54215,12.51246,4
20.54215,12.51246,4
20.54215,12.51246,4
20.54215,12.51246,4
20.67779,12.6569,4
20.83081,12.81984,4
21.00102,13.00109,4
21.00102,13.00109,4
20.83327,12.82237,4
20.93689,12.93276,4
20.93689,12.93276,4
20.93689,12.93276,4
20.93689,12.93276,4
20.93689,12.93276,4
20.93689,12.93276,4
20.93689,12.93276,4
20.93689,12.93276,4
21.08385,13.08933,4
20.97229,12.97048,4
21.1035,13.11027,4
21.1035,13.11027,4
21.1035,13.11027,4
21.1035,13.11027,4
21.1035,13.11027,4
21.1035,13.11027,4
21.1035,13.11027,4
21.1035,13.11027,4
21.1035,13.11027,4
20.95872,12.95602,4
12.24036,1.617908,4
3.363459,-9.926359,4
1.90282,-11.8259,4
-7.633423,-1.20469,4
-14.02682,5.916101,4
-14.02682,5.916101,4
-14.02682,5.916101,4
-14.02682,5.916101,4
-14.02682,5.916101,4
-14.02682,5.916101,4
-14.02682,5.916101,4
-14.02682,5.916101,4
-14.13935,6.041432,4
-14.24574,6.159919,4
-14.34138,6.266447,4
-14.34138,6.266447,4
-14.34138,6.266447,4
-14.34138,6.266447,4
-14.34138,6.266447,4
-14.34138,6.266447,4
-14.34138,6.266447,4
-14.34138,6.266447,4
-14.34138,6.266447,4
-14.48679,6.428398,4
-14.63905,6.597984,4
-14.63905,6.597984,4
-14.63905,6.597984,4
-14.79955,6.776749,4
-14.79955,6.776749,4
-14.79955,6.776749,4
-14.79955,6.776749,4
-14.79955,6.776749,4
-14.79955,6.776749,4
-14.79955,6.776749,4
-14.79955,6.776749,4
-14.79955,6.776749,4
-14.91443,6.904691,4
-15.05288,7.058898,4
-14.9295,6.921481,4
-14.9295,6.921481,4
-14.9295,6.921481,4
-14.9295,6.921481,4
-14.9295,6.921481,4
-14.9295,6.921481,4
-14.9295,6.921481,4
-14.9295,6.921481,4
-14.9295,6.921481,4
-15.06976,7.077701,4
-16.71131,-0.6423212,4
-16.71131,-0.6423212,4
-3.279213,4.394901,4
10.28349,9.481103,4
23.68553,14.50705,4
23.68553,14.50705,4
23.68553,14.50705,4
23.68553,14.50705,4
23.68553,14.50705,4
23.68553,14.50705,4
23.68553,14.50705,4
23.68553,14.50705,4
23.84759,14.56783,4
24.02647,14.63491,4
24.20493,14.70184,4
24.20493,14.70184,4
24.20493,14.70184,4
24.20493,14.70184,4
24.20493,14.70184,4
24.20493,14.70184,4
24.20493,14.70184,4
24.20493,14.70184,4
24.20493,14.70184,4
24.40701,14.77762,4
24.61959,14.85734,4
24.61959,14.85734,4
24.61959,14.85734,4
24.84328,14.94123,4
24.84328,14.94123,4
24.84328,14.94123,4
24.84328,14.94123,4
24.84328,14.94123,4
24.84328,14.94123,4
24.84328,14.94123,4
24.84328,14.94123,4
24.84328,14.94123,4
25.00059,15.00022,4
24.81455,14.93053,4
25.00422,15.00158,4
25.00422,15.00158,4
25.00422,15.00158,4
25.00422,15.00158,4
25.00422,15.00158,4
25.00422,15.00158,4
25.00422,15.00158,4
25.00422,15.00158,4
25.00422,15.00158,4
24.8174,14.93162,4
24.9939,14.99771,4
24.9939,14.99771,4
24.9939,14.99771,4
25.21377,15.08005,4
25.21377,15.08005,4
25.21377,15.08005,4
25.21377,15.08005,4
25.21377,15.08005,4
25.21377,15.08005,4
25.21377,15.08005,4
25.21377,15.08005,4
25.21377,15.08005,4
25.04648,15.01741,4
24.89941,14.96233,4
25.25415,15.09518,4
25.25415,15.09518,4
25.25415,15.09518,4
25.25415,15.09518,4
25.25415,15.09518,4
25.25415,15.09518,4
25.25415,15.09518,4
25.25415,15.09518,4
25.25415,15.09518,4
10.93276,14.71499,4
1.438986,3.835115,4
-0.03375763,2.123177,4
-0.03375763,2.123177,4
12.68804,8.68288,4
21.69529,13.32726,4
21.69529,13.32726,4
21.69529,13.32726,4
21.69529,13.32726,4
21.69529,13.32726,4
21.69529,13.32726,4
21.69529,13.32726,4
21.69529,13.32726,4
21.87556,13.42021,4
22.03065,13.50018,4
22.21128,13.59331,4
22.21128,13.59331,4
22.21128,13.59331,4
22.21128,13.59331,4
22.21128,13.59331,4
22.21128,13.59331,4
22.21128,13.59331,4
22.21128,13.59331,4
22.21128,13.59331,4
22.38981,13.68537,4
9.230938,8.445386,4
-4.208633,3.09363,4
-6.072446,-11.26256,4
-6.833436,-17.61057,4
-6.833436,-17.61057,4
-6.833436,-17.61057,4
-6.833436,-17.61057,4
-6.833436,-17.61057,4
-6.833436,-17.61057,4
-6.833436,-17.61057,4
-6.833436,-17.61057,4
-6.833436,-17.61057,4
-6.85419,-17.7837,4
-6.873502,-17.94479,4
-6.891409,-18.09417,4
-6.891409,-18.09417,4
-6.891409,-18.09417,4
-6.891409,-18.09417,4
-6.891409,-18.09417,4
-6.891409,-18.09417,4
-6.891409,-18.09417,4
-6.891409,-18.09417,4
-6.891409,-18.09417,4
-6.916272,-18.30157,4
-14.37185,-6.24873,4
-16.29123,-3.145821,4
-2.441188,-6.68011,4
11.58521,-10.2594,4
25.65321,-13.84931,4
36.63054,-16.65054,4
36.63054,-16.65054,4
36.63054,-16.65054,4
36.63054,-16.65054,4
36.63054,-16.65054,4
36.63054,-16.65054,4
36.63054,-16.65054,4
36.7883,-16.69079,4
36.99173,-16.74271,4
37.18302,-16.79152,4
37.18302,-16.79152,4
37.18302,-16.79152,4
37.18302,-16.79152,4
37.18302,-16.79152,4
37.18302,-16.79152,4
37.18302,-16.79152,4
37.18302,-16.79152,4
37.18302,-16.79152,4
37.38892,-16.84406,4
37.61323,-16.9013,4
37.61323,-16.9013,4
37.61323,-16.9013,4
37.85699,-16.96351,4
37.85699,-16.96351,4
37.85699,-16.96351,4
37.85699,-16.96351,4
37.85699,-16.96351,4
37.85699,-16.96351,4
37.85699,-16.96351,4
37.85699,-16.96351,4
37.85699,-16.96351,4
38.03409,-17.0087,4
37.87551,-16.96824,4
38.01097,-17.0028,4
38.01097,-17.0028,4
38.01097,-17.0028,4
38.01097,-17.0028,4
38.01097,-17.0028,4
38.01097,-17.0028,4
38.01097,-17.0028,4
38.01097,-17.0028,4
38.01097,-17.0028,4
37.75533,-16.93758,4
23.37698,-16.68679,4
8.918309,-16.43461,4
-5.514028,-16.18289,4
-14.61836,-16.02409,4
-14.61836,-16.02409,4
-1.745357,-9.7693,4
11.32971,-3.41633,4
24.35608,2.912983,4
37.38089,9.241532,4
39.73191,10.38386,4
39.73191,10.38386,4
39.73191,10.38386,4
39.73191,10.38386,4
39.87915,10.4554,4
40.05574,10.5412,4
40.05574,10.5412,4
40.05574,10.5412,4
40.05574,10.5412,4
40.05574,10.5412,4
40.05574,10.5412,4
40.05574,10.5412,4
40.05574,10.5412,4
40.05574,10.5412,4
40.2358,10.62869,4
40.40848,10.71259,4
40.40848,10.71259,4
40.40848,10.71259,4
40.58574,10.79872,4
40.58574,10.79872,4
40.58574,10.79872,4
40.58574,10.79872,4
40.58574,10.79872,4
40.58574,10.79872,4
40.58574,10.79872,4
40.58574,10.79872,4
40.58574,10.79872,4
40.7449,10.87605,4
40.88892,10.94603,4
41.05829,11.02832,4
41.05829,11.02832,4
41.05829,11.02832,4
41.05829,11.02832,4
41.05829,11.02832,4
41.05829,11.02832,4
41.05829,11.02832,4
41.05829,11.02832,4
41.05829,11.02832,4
40.87878,10.9411,4
41.08255,11.04011,4
35.81678,-2.372411,4
34.49096,-5.749447,4
25.807,5.631764,4
24.8539,6.88089,4
24.8539,6.88089,4
24.8539,6.88089,4
24.8539,6.88089,4
24.8539,6.88089,4
24.8539,6.88089,4
24.8539,6.88089,4
24.8539,6.88089,4
24.73377,7.03832,4
24.64517,7.154446,4
24.64517,7.154446,4
24.64517,7.154446,4
24.64517,7.154446,4
24.54778,7.282078,4
24.54778,7.282078,4
24.54778,7.282078,4
24.54778,7.282078,4
24.54778,7.282078,4
24.54778,7.282078,4
24.54778,7.282078,4
24.54778,7.282078,4
24.54778,7.282078,4
24.37097,7.513811,4
24.23402,7.693289,4
24.23402,7.693289,4
24.23402,7.693289,4
24.23402,7.693289,4
24.23402,7.693289,4
24.23402,7.693289,4
24.23402,7.693289,4
24.23402,7.693289,4
24.23402,7.693289,4
24.12997,7.829655,4
24.02665,7.965073,4
23.93419,8.086259,4
23.93419,8.086259,4
23.93419,8.086259,4
23.93419,8.086259,4
23.93419,8.086259,4
23.93419,8.086259,4
23.93419,8.086259,4
23.93419,8.086259,4
23.93419,8.086259,4
24.05335,7.930083,4
24.05335,7.930083,4
24.05335,7.930083,4
24.05335,7.930083,4
23.92106,8.103461,4
24.01529,7.979956,4
24.01529,7.979956,4
24.01529,7.979956,4
24.01529,7.979956,4
24.01529,7.979956,4
24.01529,7.979956,4
24.01529,7.979956,4
24.01529,7.979956,4
23.89071,8.143243,4
23.98017,8.025995,4
24.09519,7.875229,4
24.09519,7.875229,4
24.09519,7.875229,4
24.09519,7.875229,4
24.09519,7.875229,4
24.09519,7.875229,4
24.09519,7.875229,4
24.09519,7.875229,4
24.09519,7.875229,4
25.59041,7.939454,4
25.59041,7.939454,4
25.59041,7.939454,4
25.59041,7.939454,4
25.84042,7.950193,4
25.84042,7.950193,4
25.84042,7.950193,4
25.84042,7.950193,4
25.84042,7.950193,4
25.84042,7.950193,4
25.84042,7.950193,4
25.84042,7.950193,4
25.84042,7.950193,4
26.00881,7.957426,4
26.1759,7.964602,4
26.37495,7.973152,4
26.37495,7.973152,4
26.37495,7.973152,4
26.37495,7.973152,4
26.37495,7.973152,4
26.37495,7.973152,4
26.37495,7.973152,4
26.37495,7.973152,4
26.37495,7.973152,4
26.57568,7.981774,4
26.81965,7.992254,4
26.81965,7.992254,4
26.81965,7.992254,4
27.06752,8.0029,4
27.06752,8.0029,4
27.06752,8.0029,4
27.06752,8.0029,4
27.06752,8.0029,4
27.06752,8.0029,4
27.06752,8.0029,4
27.06752,8.0029,4
27.06752,8.0029,4
26.89964,7.995689,4
27.12007,8.005157,4
26.91268,7.996249,4
26.91268,7.996249,4
26.91268,7.996249,4
26.91268,7.996249,4
26.91268,7.996249,4
26.91268,7.996249,4
26.91268,7.996249,4
26.91268,7.996249,4
26.91268,7.996249,4
27.10765,8.004624,4
14.40538,1.49039,4
1.496015,-5.130053,4
-6.669678,-9.31775,4
7.254268,-12.52699,4
21.34246,-15.77409,4
29.60834,-17.67924,4
29.60834,-17.67924,4
29.60834,-17.67924,4
29.60834,-17.67924,4
29.60834,-17.67924,4
29.60834,-17.67924,4
29.60834,-17.67924,4
29.60834,-17.67924,4
29.76399,-17.71511,4
29.96019,-17.76033,4
30.11564,-17.79616,4
30.11564,-17.79616,4
30.11564,-17.79616,4
30.11564,-17.79616,4
30.11564,-17.79616,4
30.11564,-17.79616,4
30.11564,-17.79616,4
30.11564,-17.79616,4
30.11564,-17.79616,4
30.33916,-17.84768,4
16.77972,-13.3084,4
3.063118,-8.716507,4
14.75183,-0.6645749,4
26.75878,7.455467,4
30.84438,10.21847,4
30.84438,10.21847,4
30.84438,10.21847,4
30.84438,10.21847,4
30.84438,10.21847,4
30.84438,10.21847,4
30.84438,10.21847,4
30.98153,10.31122,4
31.12045,10.40517,4
31.12045,10.40517,4
31.12045,10.40517,4
31.12045,10.40517,4
31.26289,10.5015,4
31.40269,10.59605,4
31.40269,10.59605,4
31.40269,10.59605,4
31.40269,10.59605,4
31.57014,10.70929,4
31.74183,10.8254,4
31.74183,10.8254,4
31.74183,10.8254,4
31.74183,10.8254,4
31.74183,10.8254,4
31.74183,10.8254,4
31.8532,10.90072,4
31.8532,10.90072,4
31.8532,10.90072,4
31.8532,10.90072,4
31.8532,10.90072,4
31.8532,10.90072,4
31.8532,10.90072,4
31.8532,10.90072,4
31.99246,10.9949,4
32.17204,11.11634,4
32.04411,11.02983,4
32.04411,11.02983,4
32.04411,11.02983,4
32.04411,11.02983,4
32.04411,11.02983,4
32.04411,11.02983,4
32.04411,11.02983,4
32.04411,11.02983,4
32.04411,11.02983,4
31.86004,10.90535,4
20.59249,2.177075,4
9.32563,-6.977392,4
-1.921116,-16.1227,4
-1.921116,-16.1227,4
-1.921116,-16.1227,4
-1.921116,-16.1227,4
-1.921116,-16.1227,4
-1.921116,-16.1227,4
-1.921116,-16.1227,4
-1.921116,-16.1227,4
-1.921116,-16.1227,4
-2.141932,-16.30226,4
-2.330351,-16.45547,4
-2.476116,-16.574,4
-2.476116,-16.574,4
-2.476116,-16.574,4
-2.476116,-16.574,4
-2.476116,-16.574,4
-2.476116,-16.574,4
-2.476116,-16.574,4
-2.476116,-16.574,4
-2.476116,-16.574,4
-2.628042,-16.69754,4
-2.816808,-16.85104,4
10.10845,-10.58409,4
23.16456,-4.253688,4
32.73895,0.3885661,4
32.73895,0.3885661,4
32.73895,0.3885661,4
32.73895,0.3885661,4
32.73895,0.3885661,4
32.73895,0.3885661,4
32.73895,0.3885661,4
32.73895,0.3885661,4
32.73895,0.3885661,4
32.89608,0.4647512,4
33.07587,0.5519249,4
33.25776,0.6401154,4
33.25776,0.6401154,4
33.25776,0.6401154,4
33.25776,0.6401154,4
33.25776,0.6401154,4
33.25776,0.6401154,4
33.25776,0.6401154,4
33.25776,0.6401154,4
33.25776,0.6401154,4
33.45053,0.7335845,4
33.93769,15.15514,4
33.9524,15.59085,4
33.9524,15.59085,4
33.96088,15.84187,4
33.96088,15.84187,4
33.96088,15.84187,4
33.96088,15.84187,4
33.96088,15.84187,4
33.96088,15.84187,4
33.96088,15.84187,4
33.96088,15.84187,4
33.96088,15.84187,4
33.96672,16.01479,4
33.97271,16.19205,4
33.98011,16.41118,4
33.98011,16.41118,4
33.98011,16.41118,4
33.98011,16.41118,4
33.98011,16.41118,4
33.98011,16.41118,4
33.98011,16.41118,4
33.98011,16.41118,4
33.98011,16.41118,4
33.98824,16.65189,4
33.99425,16.82984,4
33.99425,16.82984,4
33.99425,16.82984,4
34.0029,17.08596,4
34.0029,17.08596,4
34.0029,17.08596,4
34.0029,17.08596,4
34.0029,17.08596,4
34.0029,17.08596,4
34.0029,17.08596,4
34.0029,17.08596,4
34.0029,17.08596,4
33.99656,16.89821,4
34.00269,17.07955,4
33.99608,16.88392,4
33.99608,16.88392,4
33.99608,16.88392,4
33.99608,16.88392,4
33.99608,16.88392,4
33.99608,16.88392,4
33.99608,16.88392,4
33.99608,16.88392,4
33.99608,16.88392,4
34.00312,17.09242,4
19.58919,16.71754,4
5.109208,16.34094,4
-6.553995,16.03761,4
-6.83039,16.03042,4
-6.83039,16.03042,4
-7.007406,16.02581,4
-7.007406,16.02581,4
-7.007406,16.02581,4
-7.007406,16.02581,4
-7.007406,16.02581,4
-7.007406,16.02581,4
-7.007406,16.02581,4
-7.007406,16.02581,4
-7.191216,16.02103,4
-7.402721,16.01553,4
-7.402721,16.01553,4
-7.402721,16.01553,4
-7.402721,16.01553,4
-7.402721,16.01553,4
-7.402721,16.01553,4
-7.402721,16.01553,4
-7.402721,16.01553,4
-7.402721,16.01553,4
-7.633694,16.00953,4
-7.882301,16.00306,4
-9.262225,1.83823,4
-10.66685,-12.58019,4
-10.85953,-14.55802,4
-10.85953,-14.55802,4
-10.85953,-14.55802,4
-10.85953,-14.55802,4
-10.85953,-14.55802,4
-10.85953,-14.55802,4
-10.85953,-14.55802,4
-10.85953,-14.55802,4
-10.85953,-14.55802,4
-10.87769,-14.74453,4
-10.89414,-14.91338,4
-10.91315,-15.10845,4
-10.9308,-15.28962,4
-10.9308,-15.28962,4
-10.9308,-15.28962,4
-10.9308,-15.28962,4
-10.9308,-15.28962,4
-10.9308,-15.28962,4
-10.9308,-15.28962,4
-10.9308,-15.28962,4
-10.9308,-15.28962,4
-10.95494,-15.53749,4
-16.44823,-3.235641,4
-16.44823,-3.235641,4
-15.2299,4.533925,4
-15.2299,4.533925,4
-15.2299,4.533925,4
-15.2299,4.533925,4
-15.2299,4.533925,4
-15.2299,4.533925,4
-15.2299,4.533925,4
-15.2299,4.533925,4
-15.2299,4.533925,4
-15.20345,4.7026,4
-15.17549,4.880878,4
-15.14152,5.097544,4
-15.14152,5.097544,4
-15.14152,5.097544,4
-15.14152,5.097544,4
-15.14152,5.097544,4
-15.14152,5.097544,4
-15.14152,5.097544,4
-15.14152,5.097544,4
-15.14152,5.097544,4
-15.10614,5.323173,4
-15.10614,5.323173,4
-15.10614,5.323173,4
-15.10614,5.323173,4
-15.06322,5.59682,4
-15.03521,5.775465,4
-15.03521,5.775465,4
-15.03521,5.775465,4
-15.03521,5.775465,4
-15.03521,5.775465,4
-15.03521,5.775465,4
-15.03521,5.775465,4
-15.03521,5.775465,4
-14.99901,6.006319,4
-15.02818,5.820273,4
-14.99605,6.025193,4
-14.99605,6.025193,4
-14.99605,6.025193,4
-14.99605,6.025193,4
-14.99605,6.025193,4
-14.99605,6.025193,4
-14.99605,6.025193,4
-14.99605,6.025193,4
-14.99605,6.025193,4
-15.03132,5.800295,4
-14.9887,6.072035,4
-14.9887,6.072035,4
-14.9887,6.072035,4
-15.02961,5.811193,4
-15.02961,5.811193,4
-15.02961,5.811193,4
-15.02961,5.811193,4
-15.02961,5.811193,4
-15.02961,5.811193,4
-15.02961,5.811193,4
-15.02961,5.811193,4
-15.02961,5.811193,4
-15.00215,5.986316,4
-14.97694,6.147071,4
-15.00788,5.949763,4
-15.00788,5.949763,4
-15.00788,5.949763,4
-15.00788,5.949763,4
-15.00788,5.949763,4
-15.00788,5.949763,4
-15.00788,5.949763,4
-15.00788,5.949763,4
-15.00788,5.949763,4
-0.9894561,8.986683,4
13.24449,12.07029,4
27.36775,15.12993,4
34.68592,16.71532,4
34.96535,16.77586,4
34.96535,16.77586,4
34.96535,16.77586,4
34.96535,16.77586,4
34.96535,16.77586,4
34.96535,16.77586,4
34.96535,16.77586,4
34.96535,16.77586,4
34.96535,16.77586,4
35.13484,16.81257,4
35.27459,16.84285,4
35.47316,16.88587,4
35.47316,16.88587,4
35.47316,16.88587,4
35.47316,16.88587,4
35.47316,16.88587,4
35.47316,16.88587,4
35.47316,16.88587,4
35.47316,16.88587,4
35.47316,16.88587,4
35.6808,16.93085,4
35.88945,16.97605,4
35.88945,16.97605,4
35.88945,16.97605,4
36.15148,17.03282,4
36.15148,17.03282,4
36.15148,17.03282,4
36.15148,17.03282,4
36.15148,17.03282,4
36.15148,17.03282,4
36.15148,17.03282,4
36.15148,17.03282,4
36.15148,17.03282,4
35.95342,16.98991,4
36.11606,17.02514,4
35.92103,16.98289,4
35.92103,16.98289,4
35.92103,16.98289,4
35.92103,16.98289,4
35.92103,16.98289,4
35.92103,16.98289,4
35.92103,16.98289,4
35.92103,16.98289,4
35.92103,16.98289,4
36.1333,17.02888,4
35.33432,16.64354,4
35.33432,16.64354,4
35.33432,16.64354,4
35.10456,16.53272,4
35.10456,16.53272,4
34.94706,16.45676,4
34.94706,16.45676,4
34.94706,16.45676,4
34.94706,16.45676,4
34.94706,16.45676,4
34.94706,16.45676,4
34.94706,16.45676,4
34.94706,16.45676,4
34.79717,16.38447,4
34.61806,16.29809,4
34.46575,16.22463,4
34.46575,16.22463,4
34.46575,16.22463,4
34.46575,16.22463,4
34.46575,16.22463,4
34.46575,16.22463,4
34.46575,16.22463,4
34.46575,16.22463,4
34.46575,16.22463,4
34.25808,16.12447,4
20.80766,11.3685,4
7.194722,6.555075,4
21.22711,4.559161,4
35.6157,2.597676,4
38.65507,2.183342,4
38.65507,2.183342,4
38.65507,2.183342,4
38.65507,2.183342,4
38.65507,2.183342,4
38.65507,2.183342,4
38.65507,2.183342,4
38.82282,2.160473,4
39.00084,2.136206,4
39.19162,2.110198,4
39.19162,2.110198,4
39.19162,2.110198,4
39.19162,2.110198,4
39.19162,2.110198,4
39.19162,2.110198,4
39.19162,2.110198,4
39.19162,2.110198,4
39.19162,2.110198,4
39.44364,2.075843,4
39.67686,2.04405,4
39.92292,2.010507,4
39.92292,2.010507,4
40.19643,1.973222,4
40.19643,1.973222,4
40.19643,1.973222,4
40.19643,1.973222,4
40.19643,1.973222,4
40.19643,1.973222,4
40.19643,1.973222,4
40.19643,1.973222,4
40.19643,1.973222,4
40.02763,1.996234,4
39.80482,2.026608,4
40.01505,1.997949,4
40.01505,1.997949,4
40.01505,1.997949,4
40.01505,1.997949,4
40.01505,1.997949,4
40.01505,1.997949,4
40.01505,1.997949,4
40.01505,1.997949,4
40.01505,1.997949,4
39.78609,2.02916,4
25.52456,1.017258,4
11.12516,-0.004427296,4
22.89969,7.942607,4
34.95514,15.972,4
36.86782,17.24593,4
37.01966,17.34706,4
37.01966,17.34706,4
37.01966,17.34706,4
37.01966,17.34706,4
37.01966,17.34706,4
37.01966,17.34706,4
37.01966,17.34706,4
37.01966,17.34706,4
37.18284,17.45574,4
37.35703,17.57176,4
37.35703,17.57176,4
37.35703,17.57176,4
37.35703,17.57176,4
37.35703,17.57176,4
37.35703,17.57176,4
37.35703,17.57176,4
37.35703,17.57176,4
37.35703,17.57176,4
37.53652,17.69131,4
37.74057,17.82721,4
37.74057,17.82721,4
37.74057,17.82721,4
37.95365,17.96913,4
37.95365,17.96913,4
37.95365,17.96913,4
37.95365,17.96913,4
37.95365,17.96913,4
37.95365,17.96913,4
37.95365,17.96913,4
37.95365,17.96913,4
37.95365,17.96913,4
38.09299,18.06193,4
37.95994,17.97332,4
38.10919,18.07273,4
38.10919,18.07273,4
38.10919,18.07273,4
38.10919,18.07273,4
38.10919,18.07273,4
38.10919,18.07273,4
38.10919,18.07273,4
38.10919,18.07273,4
38.10919,18.07273,4
37.92518,17.95016,4
24.68145,13.13972,4
10.97981,8.162952,4
-1.817019,1.45854,4
-14.69989,-5.316298,4
-14.69989,-5.316298,4
-14.83068,-5.385078,4
-14.83068,-5.385078,4
-14.83068,-5.385078,4
-14.83068,-5.385078,4
-14.83068,-5.385078,4
-14.83068,-5.385078,4
-14.83068,-5.385078,4
-14.83068,-5.385078,4
-14.98895,-5.468312,4
-15.17828,-5.567875,4
-15.17828,-5.567875,4
-15.17828,-5.567875,4
-15.17828,-5.567875,4
-15.17828,-5.567875,4
-15.17828,-5.567875,4
-15.17828,-5.567875,4
-15.17828,-5.567875,4
-15.17828,-5.567875,4
-15.37536,-5.671515,4
-15.60187,-5.79063,4
-15.60187,-5.79063,4
-15.60187,-5.79063,4
-15.82382,-5.90735,4
-15.82382,-5.90735,4
-15.82382,-5.90735,4
-15.82382,-5.90735,4
-15.82382,-5.90735,4
-15.82382,-5.90735,4
-15.82382,-5.90735,4
-15.82382,-5.90735,4
-15.82382,-5.90735,4
-15.97671,-5.987753,4
-16.12391,-6.065164,4
-15.94816,-5.97274,4
-15.94816,-5.97274,4
-15.94816,-5.97274,4
-15.94816,-5.97274,4
-15.94816,-5.97274,4
-15.94816,-5.97274,4
-15.94816,-5.97274,4
-15.94816,-5.97274,4
-15.94816,-5.97274,4
-16.12141,-6.063848,4
-8.597958,6.223866,4
-2.779373,15.72709,4
-2.779373,15.72709,4
11.42208,13.73974,4
25.81982,11.72492,4
29.62623,11.19225,4
29.62623,11.19225,4
29.62623,11.19225,4
29.62623,11.19225,4
29.62623,11.19225,4
29.62623,11.19225,4
29.62623,11.19225,4
29.80224,11.16762,4
29.96611,11.14468,4
30.14436,11.11974,4
30.14436,11.11974,4
30.14436,11.11974,4
30.14436,11.11974,4
30.14436,11.11974,4
30.14436,11.11974,4
30.14436,11.11974,4
30.14436,11.11974,4
30.14436,11.11974,4
30.36213,11.08926,4
30.58068,11.05868,4
30.84765,11.02132,4
30.84765,11.02132,4
30.84765,11.02132,4
30.84765,11.02132,4
30.99493,11.00071,4
30.99493,11.00071,4
30.99493,11.00071,4
30.99493,11.00071,4
30.99493,11.00071,4
30.99493,11.00071,4
30.99493,11.00071,4
30.99493,11.00071,4
31.16105,10.97747,4
30.9802,11.00277,4
30.9802,11.00277,4
30.9802,11.00277,4
30.9802,11.00277,4
30.9802,11.00277,4
30.9802,11.00277,4
30.9802,11.00277,4
30.9802,11.00277,4
30.9802,11.00277,4
31.18774,10.97375,4
17.04647,13.54153,4
2.812424,16.12616,4
-0.6212305,16.74964,4
-3.790322,2.849864,4
-7.003238,-11.24212,4
-8.678642,-18.59052,4
-8.678642,-18.59052,4
-8.678642,-18.59052,4
-8.678642,-18.59052,4
-8.678642,-18.59052,4
-8.678642,-18.59052,4
-8.678642,-18.59052,4
-8.678642,-18.59052,4
-8.715244,-18.75105,4
-8.766786,-18.97712,4
-8.802911,-19.13556,4
-8.802911,-19.13556,4
-8.802911,-19.13556,4
-8.802911,-19.13556,4
-8.802911,-19.13556,4
-8.802911,-19.13556,4
-8.802911,-19.13556,4
-8.802911,-19.13556,4
-8.802911,-19.13556,4
-8.854802,-19.36316,4
-0.2001623,-13.77493,4
-0.2001623,-13.77493,4
-13.4743,-8.285223,4
-17.68003,-6.545882,4
-17.68003,-6.545882,4
-17.68003,-6.545882,4
-17.68003,-6.545882,4
-17.68003,-6.545882,4
-17.68003,-6.545882,4
-17.68003,-6.545882,4
-17.68003,-6.545882,4
-17.83305,-6.482599,4
-17.97034,-6.425823,4
-18.14857,-6.352112,4
-18.14857,-6.352112,4
-18.14857,-6.352112,4
-18.14857,-6.352112,4
-18.14857,-6.352112,4
-18.14857,-6.352112,4
-18.14857,-6.352112,4
-18.14857,-6.352112,4
-18.14857,-6.352112,4
-18.33499,-6.275018,4
-18.53191,-6.193582,4
-18.53191,-6.193582,4
-18.53191,-6.193582,4
-18.53191,-6.193582,4
-18.53191,-6.193582,4
-18.6932,-6.126879,4
-18.6932,-6.126879,4
-18.6932,-6.126879,4
-18.6932,-6.126879,4
-18.6932,-6.126879,4
-18.6932,-6.126879,4
-18.6932,-6.126879,4
-18.6932,-6.126879,4
-18.84919,-6.062368,4
-19.05046,-5.979134,4
-18.90119,-6.040865,4
-18.90119,-6.040865,4
-18.90119,-6.040865,4
-18.90119,-6.040865,4
-18.90119,-6.040865,4
-18.90119,-6.040865,4
-18.90119,-6.040865,4
-18.90119,-6.040865,4
-18.90119,-6.040865,4
-19.11369,-5.952984,4
-5.746471,-0.734893,4
7.77256,4.542462,4
21.3959,9.860537,4
30.68169,13.48538,4
30.68169,13.48538,4
30.68169,13.48538,4
30.68169,13.48538,4
30.68169,13.48538,4
30.68169,13.48538,4
30.68169,13.48538,4
30.68169,13.48538,4
30.83255,13.54427,4
30.97764,13.60091,4
31.14116,13.66474,4
31.14116,13.66474,4
31.14116,13.66474,4
31.14116,13.66474,4
31.14116,13.66474,4
31.14116,13.66474,4
31.14116,13.66474,4
31.14116,13.66474,4
31.14116,13.66474,4
31.3288,13.73799,4
32.18855,-0.5317447,4
32.9146,-12.58255,4
32.9146,-12.58255,4
32.9146,-12.58255,4
32.9146,-12.58255,4
32.92474,-12.75082,4
32.92474,-12.75082,4
32.92474,-12.75082,4
32.92474,-12.75082,4
32.92474,-12.75082,4
32.92474,-12.75082,4
32.92474,-12.75082,4
32.92474,-12.75082,4
32.93544,-12.92842,4
32.94709,-13.12188,4
32.94709,-13.12188,4
32.94709,-13.12188,4
32.94709,-13.12188,4
32.94709,-13.12188,4
32.94709,-13.12188,4
32.94709,-13.12188,4
32.94709,-13.12188,4
32.94709,-13.12188,4
32.9604,-13.34276,4
32.97408,-13.56969,4
37.6875,-14.68847,4
37.6875,-14.68847,4
37.6875,-14.68847,4
37.6875,-14.68847,4
37.84212,-14.72516,4
37.84212,-14.72516,4
37.84212,-14.72516,4
37.84212,-14.72516,4
37.84212,-14.72516,4
37.84212,-14.72516,4
37.84212,-14.72516,4
37.84212,-14.72516,4
38.00249,-14.76323,4
38.19159,-14.80812,4
38.35286,-14.84639,4
38.35286,-14.84639,4
38.35286,-14.84639,4
38.35286,-14.84639,4
38.35286,-14.84639,4
38.35286,-14.84639,4
38.35286,-14.84639,4
38.35286,-14.84639,4
38.35286,-14.84639,4
38.58655,-14.90186,4
38.83244,-14.96023,4
38.83244,-14.96023,4
39.08722,-15.0207,4
39.08722,-15.0207,4
39.08722,-15.0207,4
39.08722,-15.0207,4
39.08722,-15.0207,4
39.08722,-15.0207,4
39.08722,-15.0207,4
39.08722,-15.0207,4
39.08722,-15.0207,4
38.91352,-14.97947,4
39.12121,-15.02877,4
38.91052,-14.97876,4
38.91052,-14.97876,4
38.91052,-14.97876,4
38.91052,-14.97876,4
38.91052,-14.97876,4
38.91052,-14.97876,4
38.91052,-14.97876,4
38.91052,-14.97876,4
38.91052,-14.97876,4
39.27803,-15.06599,4
25.32475,-11.82648,4
10.99114,-8.498667,4
20.10062,2.299654,4
29.61783,13.25729,4
31.10142,14.96543,4
31.25472,15.14192,4
31.25472,15.14192,4
31.25472,15.14192,4
31.25472,15.14192,4
31.25472,15.14192,4
31.25472,15.14192,4
31.25472,15.14192,4
31.25472,15.14192,4
31.39495,15.30337,4
31.63821,15.58345,4
31.79443,15.76332,4
31.79443,15.76332,4
31.79443,15.76332,4
31.79443,15.76332,4
31.79443,15.76332,4
31.79443,15.76332,4
31.79443,15.76332,4
31.79443,15.76332,4
31.79443,15.76332,4
31.96238,15.95669,4
32.1601,16.18433,4
32.1601,16.18433,4
31.99997,15.99997,4
31.99997,15.99997,4
31.99997,15.99997,4
31.99997,15.99997,4
31.99997,15.99997,4
31.99997,15.99997,4
31.99997,15.99997,4
31.99997,15.99997,4
31.99997,15.99997,4
32.11291,16.13173,4
31.99129,15.98984,4
32.1349,16.15738,4
32.1349,16.15738,4
32.1349,16.15738,4
32.1349,16.15738,4
32.1349,16.15738,4
32.1349,16.15738,4
32.1349,16.15738,4
32.1349,16.15738,4
32.1349,16.15738,4
31.97995,15.97661,4
33.21515,1.927199,4
33.88094,-5.645542,4
29.43712,7.688394,4
29.38163,7.854901,4
29.32252,8.032262,4
29.27372,8.178709,4
29.27372,8.178709,4
29.27372,8.178709,4
29.27372,8.178709,4
29.27372,8.178709,4
29.27372,8.178709,4
29.27372,8.178709,4
29.27372,8.178709,4
29.20734,8.377884,4
29.14102,8.57688,4
29.08766,8.736978,4
29.08766,8.736978,4
29.08766,8.736978,4
29.08766,8.736978,4
29.08766,8.736978,4
29.08766,8.736978,4
29.08766,8.736978,4
29.08766,8.736978,4
29.08766,8.736978,4
29.0145,8.9565,4
28.93887,9.183426,4
28.93887,9.183426,4
29.01522,8.954318,4
29.01522,8.954318,4
29.01522,8.954318,4
29.01522,8.954318,4
29.01522,8.954318,4
29.01522,8.954318,4
29.01522,8.954318,4
29.01522,8.954318,4
29.01522,8.954318,4
28.96102,9.116951,4
29.03319,8.900402,4
28.96556,9.10335,4
28.96556,9.10335,4
28.96556,9.10335,4
28.96556,9.10335,4
28.96556,9.10335,4
28.96556,9.10335,4
28.96556,9.10335,4
28.96556,9.10335,4
28.96556,9.10335,4
29.0347,8.895883,4
15.09304,5.596048,4
1.004315,2.261408,4
-10.19725,-6.870622,4
-12.85305,-9.056148,4
-12.85305,-9.056148,4
-12.97621,-9.1575,4
-12.97621,-9.1575,4
-12.97621,-9.1575,4
-12.97621,-9.1575,4
-12.97621,-9.1575,4
-12.97621,-9.1575,4
-12.97621,-9.1575,4
-12.97621,-9.1575,4
-13.11724,-9.273556,4
-13.27202,-9.400928,4
-13.40981,-9.514319,4
-13.40981,-9.514319,4
-13.40981,-9.514319,4
-13.40981,-9.514319,4
-13.40981,-9.514319,4
-13.40981,-9.514319,4
-13.40981,-9.514319,4
-13.40981,-9.514319,4
-13.40981,-9.514319,4
-13.59811,-9.669278,4
-13.80359,-9.838367,4
-13.80359,-9.838367,4
-13.98707,-9.989359,4
-13.98707,-9.989359,4
-13.98707,-9.989359,4
-13.98707,-9.989359,4
-13.98707,-9.989359,4
-13.98707,-9.989359,4
-13.98707,-9.989359,4
-13.98707,-9.989359,4
-13.98707,-9.989359,4
-14.11846,-10.09748,4
-13.97273,-9.977559,4
-14.12624,-10.10389,4
-13.98178,-9.985003,4
-13.98178,-9.985003,4
-13.98178,-9.985003,4
-13.98178,-9.985003,4
-13.98178,-9.985003,4
-13.98178,-9.985003,4
-13.98178,-9.985003,4
-13.98178,-9.985003,4
-13.98178,-9.985003,4
-14.16179,-10.13314,4
0.08951296,-9.206032,4
14.55399,-8.265053,4
27.11964,-15.35039,4
28.79495,-16.30986,4
28.79495,-16.30986,4
28.79495,-16.30986,4
28.79495,-16.30986,4
28.79495,-16.30986,4
28.79495,-16.30986,4
28.79495,-16.30986,4
28.79495,-16.30986,4
28.94765,-16.39731,4
29.13871,-16.50673,4
29.31931,-16.61016,4
29.31931,-16.61016,4
29.31931,-16.61016,4
29.31931,-16.61016,4
29.31931,-16.61016,4
29.31931,-16.61016,4
29.31931,-16.61016,4
29.31931,-16.61016,4
29.31931,-16.61016,4
29.51554,-16.72254,4
29.73601,-16.84881,4
29.73601,-16.84881,4
29.73601,-16.84881,4
29.97702,-16.98684,4
29.97702,-16.98684,4
29.97702,-16.98684,4
29.97702,-16.98684,4
29.97702,-16.98684,4
29.97702,-16.98684,4
29.97702,-16.98684,4
29.97702,-16.98684,4
29.97702,-16.98684,4
30.13719,-17.07857,4
29.99166,-16.99523,4
30.16659,-17.09539,4
30.16659,-17.09539,4
30.16659,-17.09539,4
30.16659,-17.09539,4
30.16659,-17.09539,4
30.16659,-17.09539,4
30.16659,-17.09539,4
30.16659,-17.09539,4
30.16659,-17.09539,4
29.9967,-16.99811,4
33.45156,-8.369723,4
33.45156,-8.369723,4
30.56259,5.604489,4
28.30105,16.54373,4
28.30105,16.54373,4
28.26676,16.70963,4
28.26676,16.70963,4
28.26676,16.70963,4
28.26676,16.70963,4
28.26676,16.70963,4
28.26676,16.70963,4
28.26676,16.70963,4
28.26676,16.70963,4
28.2298,16.88843,4
28.1903,17.07949,4
28.15157,17.26681,4
28.15157,17.26681,4
28.11407,17.44819,4
28.11407,17.44819,4
28.11407,17.44819,4
28.11407,17.44819,4
28.11407,17.44819,4
28.11407,17.44819,4
28.11407,17.44819,4
28.11407,17.44819,4
28.11407,17.44819,4
28.03784,17.81696,4
27.98911,18.05271,4
27.98911,18.05271,4
27.98911,18.05271,4
27.98911,18.05271,4
27.98911,18.05271,4
27.98911,18.05271,4
27.98911,18.05271,4
27.98911,18.05271,4
27.98911,18.05271,4
28.0251,17.87857,4
27.9894,18.05125,4
28.02934,17.85807,4
28.02934,17.85807,4
28.02934,17.85807,4
28.02934,17.85807,4
28.02934,17.85807,4
28.02934,17.85807,4
28.02934,17.85807,4
28.02934,17.85807,4
28.02934,17.85807,4
27.97529,18.11955,4
27.97529,18.11955,4
27.97529,18.11955,4
27.97529,18.11955,4
28.03403,17.83538,4
27.98864,18.05497,4
27.98864,18.05497,4
27.98864,18.05497,4
27.98864,18.05497,4
27.98864,18.05497,4
27.98864,18.05497,4
27.98864,18.05497,4
27.98864,18.05497,4
28.03704,17.8208,4
28.00137,17.99338,4
27.9588,18.19925,4
27.9588,18.19925,4
27.9588,18.19925,4
27.9588,18.19925,4
27.9588,18.19925,4
27.9588,18.19925,4
27.9588,18.19925,4
27.9588,18.19925,4
27.9588,18.19925,4
31.46619,9.347239,4
31.55625,9.119948,4
31.55625,9.119948,4
31.55625,9.119948,4
31.65587,8.868534,4
31.65587,8.868534,4
31.65587,8.868534,4
31.65587,8.868534,4
31.65587,8.868534,4
31.65587,8.868534,4
31.65587,8.868534,4
31.65587,8.868534,4
31.65587,8.868534,4
31.72557,8.692615,4
31.81089,8.477278,4
31.88336,8.294378,4
31.88336,8.294378,4
31.88336,8.294378,4
31.88336,8.294378,4
31.88336,8.294378,4
31.88336,8.294378,4
31.88336,8.294378,4
31.88336,8.294378,4
31.88336,8.294378,4
31.96138,8.097482,4
32.0504,7.872784,4
32.0504,7.872784,4
32.0504,7.872784,4
31.95185,8.121534,4
31.95185,8.121534,4
31.95185,8.121534,4
31.95185,8.121534,4
31.95185,8.121534,4
31.95185,8.121534,4
31.95185,8.121534,4
31.95185,8.121534,4
31.95185,8.121534,4
32.01536,7.961224,4
31.94736,8.13288,4
32.01761,7.955545,4
32.01761,7.955545,4
32.01761,7.955545,4
32.01761,7.955545,4
32.01761,7.955545,4
32.01761,7.955545,4
32.01761,7.955545,4
32.01761,7.955545,4
32.01761,7.955545,4
31.93254,8.170277,4
17.7225,10.14585,4
3.311915,12.1493,4
-8.569807,13.80116,4
-8.826523,13.83685,4
-8.826523,13.83685,4
-8.826523,13.83685,4
-8.826523,13.83685,4
-8.826523,13.83685,4
-8.826523,13.83685,4
-8.826523,13.83685,4
-8.826523,13.83685,4
-8.826523,13.83685,4
-9.005398,13.86172,4
-9.164865,13.88389,4
-9.369624,13.91236,4
-9.369624,13.91236,4
-9.369624,13.91236,4
-9.369624,13.91236,4
-9.369624,13.91236,4
-9.369624,13.91236,4
-9.369624,13.91236,4
-9.369624,13.91236,4
-9.369624,13.91236,4
-9.604858,13.94506,4
-2.307788,1.819767,4
-11.72926,6.372889,4
-11.72926,6.372889,4
-11.96115,6.487328,4
-11.96115,6.487328,4
-11.96115,6.487328,4
-11.96115,6.487328,4
-11.96115,6.487328,4
-11.96115,6.487328,4
-11.96115,6.487328,4
-11.96115,6.487328,4
-11.96115,6.487328,4
-12.1301,6.570706,4
-12.33228,6.670481,4
-12.50403,6.755237,4
-12.50403,6.755237,4
-12.50403,6.755237,4
-12.50403,6.755237,4
-12.50403,6.755237,4
-12.50403,6.755237,4
-12.50403,6.755237,4
-12.50403,6.755237,4
-12.50403,6.755237,4
-12.7001,6.852,4
-4.550036,-4.957772,4
8.718594,0.4187706,4
22.03074,5.990415,4
32.6451,10.43293,4
32.6451,10.43293,4
32.8163,10.50458,4
32.8163,10.50458,4
32.8163,10.50458,4
32.8163,10.50458,4
32.8163,10.50458,4
32.8163,10.50458,4
32.8163,10.50458,4
32.8163,10.50458,4
32.97585,10.57136,4
33.18633,10.65945,4
33.18633,10.65945,4
33.18633,10.65945,4
33.18633,10.65945,4
33.18633,10.65945,4
33.18633,10.65945,4
33.18633,10.65945,4
33.18633,10.65945,4
33.18633,10.65945,4
33.39238,10.74569,4
33.6176,10.83995,4
33.81828,10.92395,4
33.81828,10.92395,4
34.06625,11.02773,4
34.06625,11.02773,4
34.06625,11.02773,4
34.06625,11.02773,4
34.06625,11.02773,4
34.06625,11.02773,4
34.06625,11.02773,4
34.06625,11.02773,4
34.06625,11.02773,4
33.89744,10.95708,4
34.05751,11.02407,4
33.8829,10.95099,4
33.8829,10.95099,4
33.8829,10.95099,4
33.8829,10.95099,4
33.8829,10.95099,4
33.8829,10.95099,4
33.8829,10.95099,4
33.8829,10.95099,4
33.8829,10.95099,4
34.10211,11.04274,4
38.33785,3.22249,4
38.33785,3.22249,4
38.33785,3.22249,4
38.44347,3.027492,4
38.44347,3.027492,4
38.44347,3.027492,4
38.44347,3.027492,4
38.44347,3.027492,4
38.44347,3.027492,4
38.44347,3.027492,4
38.44347,3.027492,4
38.44347,3.027492,4
38.52993,2.867859,4
38.6118,2.716702,4
38.72545,2.506886,4
38.72545,2.506886,4
38.72545,2.506886,4
38.72545,2.506886,4
38.72545,2.506886,4
38.72545,2.506886,4
38.72545,2.506886,4
38.72545,2.506886,4
38.72545,2.506886,4
38.84121,2.293167,4
34.63486,-5.781288,4
34.63486,-5.781288,4
20.33356,-7.1964,4
6.34202,-11.14971,4
-5.582935,-14.59106,4
-5.582935,-14.59106,4
-5.582935,-14.59106,4
-5.582935,-14.59106,4
-5.582935,-14.59106,4
-5.582935,-14.59106,4
-5.582935,-14.59106,4
-5.582935,-14.59106,4
-5.759308,-14.64196,4
-5.93751,-14.69338,4
-6.16774,-14.75982,4
-6.16774,-14.75982,4
-6.16774,-14.75982,4
-6.353966,-14.81357,4
-6.353966,-14.81357,4
-6.353966,-14.81357,4
-6.353966,-14.81357,4
-6.353966,-14.81357,4
-6.353966,-14.81357,4
-6.353966,-14.81357,4
-6.353966,-14.81357,4
-6.353966,-14.81357,4
-6.634704,-14.89458,4
-6.819253,-14.94784,4
-6.819253,-14.94784,4
-6.819253,-14.94784,4
-6.819253,-14.94784,4
-6.819253,-14.94784,4
-6.819253,-14.94784,4
-6.819253,-14.94784,4
-6.819253,-14.94784,4
-6.819253,-14.94784,4
-6.994916,-14.99853,4
-7.168482,-15.04861,4
-6.963117,-14.98936,4
-6.963117,-14.98936,4
-6.963117,-14.98936,4
-6.963117,-14.98936,4
-6.963117,-14.98936,4
-6.963117,-14.98936,4
-6.963117,-14.98936,4
-6.963117,-14.98936,4
-6.963117,-14.98936,4
-7.209941,-15.06057,4
6.424531,-10.91193,4
20.26599,-6.700308,4
34.14965,-2.475844,4
37.64681,-1.411741,4
37.64681,-1.411741,4
37.64681,-1.411741,4
37.64681,-1.411741,4
37.64681,-1.411741,4
37.64681,-1.411741,4
37.64681,-1.411741,4
37.64681,-1.411741,4
37.64681,-1.411741,4
37.82801,-1.356608,4
38.00401,-1.303057,4
38.24005,-1.231235,4
38.24005,-1.231235,4
38.24005,-1.231235,4
38.24005,-1.231235,4
38.24005,-1.231235,4
38.24005,-1.231235,4
38.24005,-1.231235,4
38.24005,-1.231235,4
38.24005,-1.231235,4
38.46524,-1.162714,4
24.1487,0.3726277,4
9.759041,1.915811,4
-4.621463,3.458011,4
-17.63098,4.853183,4
-17.63098,4.853183,4
-17.63098,4.853183,4
-17.63098,4.853183,4
-17.63098,4.853183,4
-17.63098,4.853183,4
-17.63098,4.853183,4
-17.63098,4.853183,4
-17.63098,4.853183,4
-17.82213,4.873683,4
-18.00574,4.893373,4
-18.21329,4.915632,4
-18.21329,4.915632,4
-18.21329,4.915632,4
-18.21329,4.915632,4
-18.21329,4.915632,4
-18.21329,4.915632,4
-18.21329,4.915632,4
-18.21329,4.915632,4
-18.21329,4.915632,4
-18.41844,4.937633,4
-4.478982,7.041499,4
9.945555,9.21857,4
24.26405,11.37964,4
33.57346,12.78469,4
33.57346,12.78469,4
33.75349,12.81186,4
33.75349,12.81186,4
33.75349,12.81186,4
33.75349,12.81186,4
33.75349,12.81186,4
33.75349,12.81186,4
33.75349,12.81186,4
33.75349,12.81186,4
33.93288,12.83894,4
34.16404,12.87383,4
34.34053,12.90047,4
34.34053,12.90047,4
34.34053,12.90047,4
34.34053,12.90047,4
34.34053,12.90047,4
34.34053,12.90047,4
34.34053,12.90047,4
34.34053,12.90047,4
34.34053,12.90047,4
34.60448,12.9403,4
34.84108,12.78088,4
35.10886,12.60046,4
35.10886,12.60046,4
35.10886,12.60046,4
35.10886,12.60046,4
35.10886,12.60046,4
35.10886,12.60046,4
35.10886,12.60046,4
35.10886,12.60046,4
35.10886,12.60046,4
35.10886,12.60046,4
35.26297,12.49661,4
35.46204,12.36248,4
35.65325,12.23364,4
35.65325,12.23364,4
35.65325,12.23364,4
35.65325,12.23364,4
35.65325,12.23364,4
35.65325,12.23364,4
35.65325,12.23364,4
35.65325,12.23364,4
35.65325,12.23364,4
35.84109,12.10707,4
36.04428,11.97017,4
36.04428,11.97017,4
36.04428,11.97017,4
35.80996,12.12805,4
35.80996,12.12805,4
35.80996,12.12805,4
35.80996,12.12805,4
35.80996,12.12805,4
35.80996,12.12805,4
35.80996,12.12805,4
35.80996,12.12805,4
35.80996,12.12805,4
35.96159,12.02588,4
36.11014,11.92579,4
35.93703,12.04243,4
35.93703,12.04243,4
35.93703,12.04243,4
35.93703,12.04243,4
35.93703,12.04243,4
35.93703,12.04243,4
35.93703,12.04243,4
35.93703,12.04243,4
35.93703,12.04243,4
36.12077,11.91862,4
34.53676,-2.211718,4
34.15921,-5.5797,4
36.66893,8.521307,4
37.75103,14.60111,4
37.75103,14.60111,4
37.75103,14.60111,4
37.75103,14.60111,4
37.75103,14.60111,4
37.75103,14.60111,4
37.75103,14.60111,4
37.75103,14.60111,4
37.75103,14.60111,4
37.78461,14.78978,4
37.81659,14.96946,4
37.85855,15.20526,4
37.85855,15.20526,4
37.85855,15.20526,4
37.85855,15.20526,4
37.85855,15.20526,4
37.85855,15.20526,4
37.85855,15.20526,4
37.85855,15.20526,4
37.85855,15.20526,4
37.8972,15.42238,4
35.4428,1.301075,4
34.2543,-5.536937,4
20.21539,-8.349322,4
6.045233,-11.188,4
-1.680919,-12.73576,4
-1.680919,-12.73576,4
-1.680919,-12.73576,4
-1.680919,-12.73576,4
-1.680919,-12.73576,4
-1.680919,-12.73576,4
-1.680919,-12.73576,4
-1.680919,-12.73576,4
-1.85898,-12.77143,4
-2.036389,-12.80697,4
-2.235262,-12.8468,4
-2.235262,-12.8468,4
-2.235262,-12.8468,4
-2.235262,-12.8468,4
-2.235262,-12.8468,4
-2.235262,-12.8468,4
-2.235262,-12.8468,4
-2.235262,-12.8468,4
-2.235262,-12.8468,4
-2.455565,-12.89094,4
-2.455565,-12.89094,4
-2.455565,-12.89094,4
-2.455565,-12.89094,4
-2.735457,-12.94701,4
-2.929702,-12.98592,4
-2.929702,-12.98592,4
-2.929702,-12.98592,4
-2.929702,-12.98592,4
-2.929702,-12.98592,4
-2.929702,-12.98592,4
-2.929702,-12.98592,4
-2.929702,-12.98592,4
-3.168004,-13.03365,4
-2.992795,-12.99856,4
-3.190137,-13.03808,4
-3.190137,-13.03808,4
-3.190137,-13.03808,4
-3.190137,-13.03808,4
-3.190137,-13.03808,4
-3.190137,-13.03808,4
-3.190137,-13.03808,4
-3.190137,-13.03808,4
-3.190137,-13.03808,4
-2.97303,-12.9946,4
-14.66255,-15.69145,4
-14.66255,-15.69145,4
-14.66255,-15.69145,4
-14.66255,-15.69145,4
-14.66255,-15.69145,4
-3.13892,-7.1889,4
8.513937,1.40899,4
20.15068,9.994992,4
29.86391,17.16176,4
29.86391,17.16176,4
29.86391,17.16176,4
29.86391,17.16176,4
29.86391,17.16176,4
30.00371,17.2649,4
30.16993,17.38755,4
30.31253,17.49276,4
30.31253,17.49276,4
30.31253,17.49276,4
30.31253,17.49276,4
30.31253,17.49276,4
30.31253,17.49276,4
30.31253,17.49276,4
30.31253,17.49276,4
30.31253,17.49276,4
30.48938,17.62325,4
30.70963,17.78576,4
30.70963,17.78576,4
30.93771,17.95404,4
30.93771,17.95404,4
30.93771,17.95404,4
30.93771,17.95404,4
30.93771,17.95404,4
30.93771,17.95404,4
30.93771,17.95404,4
30.93771,17.95404,4
30.93771,17.95404,4
31.08541,18.06301,4
30.90871,17.93264,4
31.0692,18.05106,4
31.0692,18.05106,4
31.0692,18.05106,4
31.0692,18.05106,4
31.0692,18.05106,4
31.0692,18.05106,4
31.0692,18.05106,4
31.0692,18.05106,4
31.0692,18.05106,4
30.90547,17.93026,4
16.52025,17.52358,4
2.076032,17.11523,4
-0.5684819,17.04047,4
11.0406,8.520227,4
22.68472,-0.02573483,4
34.31892,-8.564418,4
40.16195,-12.85279,4
40.16195,-12.85279,4
40.16195,-12.85279,4
40.16195,-12.85279,4
40.16195,-12.85279,4
40.16195,-12.85279,4
40.01695,-12.74637,4
39.87574,-12.64273,4
39.70331,-12.51618,4
39.70331,-12.51618,4
39.70331,-12.51618,4
39.70331,-12.51618,4
39.70331,-12.51618,4
39.70331,-12.51618,4
39.70331,-12.51618,4
39.70331,-12.51618,4
39.70331,-12.51618,4
39.54006,-12.39637,4
39.35967,-12.26397,4
39.35967,-12.26397,4
39.35967,-12.26397,4
39.12904,-12.09471,4
39.12904,-12.09471,4
39.12904,-12.09471,4
39.12904,-12.09471,4
39.12904,-12.09471,4
39.12904,-12.09471,4
39.12904,-12.09471,4
39.12904,-12.09471,4
39.12904,-12.09471,4
38.98886,-11.99182,4
39.1773,-12.13012,4
39.02984,-12.0219,4
39.02984,-12.0219,4
39.02984,-12.0219,4
39.02984,-12.0219,4
39.02984,-12.0219,4
39.02984,-12.0219,4
39.02984,-12.0219,4
39.02984,-12.0219,4
39.02984,-12.0219,4
38.83981,-11.88244,4
34.94124,-7.949546,4
34.94124,-7.949546,4
20.70591,-10.28682,4
6.372846,-12.64014,4
-6.648413,-14.77809,4
-6.648413,-14.77809,4
-6.648413,-14.77809,4
-6.648413,-14.77809,4
-6.648413,-14.77809,4
-6.648413,-14.77809,4
-6.648413,-14.77809,4
-6.648413,-14.77809,4
-6.86695,-14.81397,4
-7.046957,-14.84352,4
-7.265367,-14.87938,4
-7.265367,-14.87938,4
-7.265367,-14.87938,4
-7.265367,-14.87938,4
-7.265367,-14.87938,4
-7.265367,-14.87938,4
-7.265367,-14.87938,4
-7.265367,-14.87938,4
-7.265367,-14.87938,4
-7.487582,-14.91587,4
-16.00852,-3.346216,4
-16.23387,-3.040243,4
-16.87737,4.553082,4
-16.8963,4.776436,4
-16.91208,4.962645,4
-16.92655,5.133337,4
-16.92655,5.133337,4
-16.92655,5.133337,4
-16.92655,5.133337,4
-16.92655,5.133337,4
-16.92655,5.133337,4
-16.92655,5.133337,4
-16.92655,5.133337,4
-16.94186,5.313936,4
-16.95835,5.508568,4
-16.97306,5.68216,4
-16.97306,5.68216,4
-16.97306,5.68216,4
-16.97306,5.68216,4
-16.97306,5.68216,4
-16.97306,5.68216,4
-16.97306,5.68216,4
-16.97306,5.68216,4
-16.97306,5.68216,4
-16.99385,5.92745,4
-5.772492,14.21412,4
-3.085128,16.19866,4
7.546532,6.554228,4
18.24786,-3.153404,4
26.89778,-11.00012,4
26.89778,-11.00012,4
26.89778,-11.00012,4
26.89778,-11.00012,4
26.89778,-11.00012,4
26.89778,-11.00012,4
26.89778,-11.00012,4
27.02462,-11.11518,4
27.152,-11.23074,4
27.152,-11.23074,4
27.152,-11.23074,4
27.152,-11.23074,4
27.26704,-11.3351,4
27.26704,-11.3351,4
27.26704,-11.3351,4
27.26704,-11.3351,4
27.26704,-11.3351,4
27.26704,-11.3351,4
27.26704,-11.3351,4
27.26704,-11.3351,4
27.26704,-11.3351,4
27.48106,-11.52925,4
27.63749,-11.67114,4
27.63749,-11.67114,4
27.63749,-11.67114,4
27.63749,-11.67114,4
27.63749,-11.67114,4
27.63749,-11.67114,4
27.63749,-11.67114,4
27.63749,-11.67114,4
27.63749,-11.67114,4
27.76947,-11.79087,4
27.89669,-11.90628,4
28.05451,-12.04945,4
28.05451,-12.04945,4
28.05451,-12.04945,4
28.05451,-12.04945,4
28.05451,-12.04945,4
28.05451,-12.04945,4
28.05451,-12.04945,4
28.05451,-12.04945,4
28.05451,-12.04945,4
27.89196,-11.90199,4
28.06813,-12.06181,4
28.06813,-12.06181,4
28.06813,-12.06181,4
27.87611,-11.88761,4
27.87611,-11.88761,4
27.87611,-11.88761,4
27.87611,-11.88761,4
27.87611,-11.88761,4
27.87611,-11.88761,4
27.87611,-11.88761,4
27.87611,-11.88761,4
27.87611,-11.88761,4
28.01567,-12.01421,4
27.82831,-11.84426,4
28.06536,-12.05929,4
28.06536,-12.05929,4
28.06536,-12.05929,4
28.06536,-12.05929,4
28.06536,-12.05929,4
28.06536,-12.05929,4
28.06536,-12.05929,4
28.06536,-12.05929,4
28.06536,-12.05929,4
25.85628,2.101095,4
24.22678,12.54631,4
24.22678,12.54631,4
24.22678,12.54631,4
24.1857,12.80966,4
24.1857,12.80966,4
24.1857,12.80966,4
24.1857,12.80966,4
24.1857,12.80966,4
24.1857,12.80966,4
24.1857,12.80966,4
24.1857,12.80966,4
24.1857,12.80966,4
24.15188,13.02644,4
24.12419,13.20396,4
24.09225,13.40866,4
24.09225,13.40866,4
24.09225,13.40866,4
24.09225,13.40866,4
24.09225,13.40866,4
24.09225,13.40866,4
24.09225,13.40866,4
24.09225,13.40866,4
24.09225,13.40866,4
24.05877,13.62327,4
24.02314,13.85165,4
24.02314,13.85165,4
24.02314,13.85165,4
23.98396,14.1028,4
23.98396,14.1028,4
23.98396,14.1028,4
23.98396,14.1028,4
23.98396,14.1028,4
23.98396,14.1028,4
23.98396,14.1028,4
23.98396,14.1028,4
23.98396,14.1028,4
24.01154,13.92605,4
23.98261,14.11143,4
24.01364,13.91261,4
24.01364,13.91261,4
24.01364,13.91261,4
24.01364,13.91261,4
24.01364,13.91261,4
24.01364,13.91261,4
24.01364,13.91261,4
24.01364,13.91261,4
24.01364,13.91261,4
23.97015,14.1913,4
24.00867,13.94445,4
24.00867,13.94445,4
24.00867,13.94445,4
23.96887,14.19953,4
23.96887,14.19953,4
23.96887,14.19953,4
23.96887,14.19953,4
23.96887,14.19953,4
23.96887,14.19953,4
23.96887,14.19953,4
23.96887,14.19953,4
23.96887,14.19953,4
23.99591,14.02622,4
24.02438,13.84378,4
23.98856,14.07329,4
23.98856,14.07329,4
23.98856,14.07329,4
23.98856,14.07329,4
23.98856,14.07329,4
23.98856,14.07329,4
23.98856,14.07329,4
23.98856,14.07329,4
23.98856,14.07329,4
9.613093,13.1115,4
-4.896611,12.14072,4
-5.716143,12.08589,4
-5.716143,12.08589,4
-5.988373,12.06768,4
-5.988373,12.06768,4
-5.988373,12.06768,4
-5.988373,12.06768,4
-5.988373,12.06768,4
-5.988373,12.06768,4
-5.988373,12.06768,4
-5.988373,12.06768,4
-5.988373,12.06768,4
-6.175705,12.05515,4
-6.402219,12.03999,4
-6.611664,12.02598,4
-6.611664,12.02598,4
-6.611664,12.02598,4
-6.611664,12.02598,4
-6.611664,12.02598,4
-6.611664,12.02598,4
-6.611664,12.02598,4
-6.611664,12.02598,4
-6.611664,12.02598,4
-6.864351,12.00908,4
6.19705,5.933237,4
19.39987,-0.2083864,4
19.95266,11.57171,4
19.96127,11.83148,4
19.96127,11.83148,4
19.96127,11.83148,4
19.96127,11.83148,4
19.96127,11.83148,4
19.96127,11.83148,4
19.96127,11.83148,4
19.96127,11.83148,4
19.96127,11.83148,4
19.96725,12.01204,4
19.97463,12.2345,4
19.98213,12.4609,4
19.98213,12.4609,4
19.98213,12.4609,4
19.98213,12.4609,4
19.98213,12.4609,4
19.98213,12.4609,4
19.98213,12.4609,4
19.98213,12.4609,4
19.98213,12.4609,4
19.98939,12.67999,4
19.99736,12.92038,4
19.99736,12.92038,4
19.99736,12.92038,4
20.00583,13.17572,4
20.00583,13.17572,4
20.00583,13.17572,4
20.00583,13.17572,4
20.00583,13.17572,4
20.00583,13.17572,4
20.00583,13.17572,4
20.00583,13.17572,4
20.00583,13.17572,4
19.99964,12.98908,4
20.00546,13.16437,4
19.99896,12.96865,4
19.99896,12.96865,4
19.99896,12.96865,4
19.99896,12.96865,4
19.99896,12.96865,4
19.99896,12.96865,4
19.99896,12.96865,4
19.99896,12.96865,4
19.99896,12.96865,4
20.00659,13.19863,4
28.16817,1.41789,4
33.20594,-5.853806,4
40.8539,6.194468,4
41.32524,6.937014,4
41.41866,7.084178,4
41.49491,7.204303,4
41.49491,7.204303,4
41.49491,7.204303,4
41.49491,7.204303,4
41.49491,7.204303,4
41.49491,7.204303,4
41.49491,7.204303,4
41.49491,7.204303,4
41.58666,7.348839,4
41.71689,7.554,4
41.71689,7.554,4
41.71689,7.554,4
41.71689,7.554,4
41.71689,7.554,4
41.71689,7.554,4
41.71689,7.554,4
41.71689,7.554,4
41.71689,7.554,4
41.84039,7.748559,4
41.97421,7.95937,4
41.97421,7.95937,4
41.97421,7.95937,4
42.08888,8.140024,4
42.08888,8.140024,4
42.08888,8.140024,4
42.08888,8.140024,4
42.08888,8.140024,4
42.08888,8.140024,4
42.08888,8.140024,4
42.08888,8.140024,4
42.08888,8.140024,4
41.98838,7.981703,4
42.08493,8.133786,4
41.96967,7.952228,4
41.96967,7.952228,4
41.96967,7.952228,4
42.06178,8.097321,4
42.06178,8.097321,4
42.06178,8.097321,4
42.06178,8.097321,4
42.06178,8.097321,4
42.06178,8.097321,4
42.06178,8.097321,4
42.06178,8.097321,4
42.06178,8.097321,4
41.88145,7.813263,4
42.02325,8.036624,4
42.02325,8.036624,4
42.02325,8.036624,4
42.02325,8.036624,4
42.02325,8.036624,4
42.02325,8.036624,4
42.02325,8.036624,4
42.02325,8.036624,4
42.02325,8.036624,4
41.92933,7.888678,4
42.06791,8.106963,4
41.96513,7.945082,4
41.96513,7.945082,4
41.96513,7.945082,4
41.96513,7.945082,4
41.96513,7.945082,4
41.96513,7.945082,4
41.96513,7.945082,4
41.96513,7.945082,4
41.96513,7.945082,4
27.62956,7.980926,4
21.45667,7.996358,4
21.45667,7.996358,4
21.45667,7.996358,4
21.19578,7.99701,4
21.03292,7.997417,4
21.03292,7.997417,4
21.03292,7.997417,4
21.03292,7.997417,4
21.03292,7.997417,4
21.03292,7.997417,4
21.03292,7.997417,4
21.03292,7.997417,4
20.76916,7.998077,4
20.57006,7.998575,4
20.32059,7.999198,4
20.32059,7.999198,4
20.32059,7.999198,4
20.32059,7.999198,4
20.32059,7.999198,4
20.32059,7.999198,4
20.32059,7.999198,4
20.32059,7.999198,4
20.32059,7.999198,4
20.08479,7.999788,4
6.400188,4.309783,4
-7.576599,0.5409894,4
-6.20769,11.52607,4
-6.20769,11.52607,4
-6.20769,11.52607,4
-6.20769,11.52607,4
-6.20769,11.52607,4
-6.20769,11.52607,4
-6.20769,11.52607,4
-6.20769,11.52607,4
-6.20769,11.52607,4
-6.20769,11.52607,4
-6.183031,11.70106,4
-6.158879,11.87247,4
-6.131779,12.06479,4
-6.131779,12.06479,4
-6.131779,12.06479,4
-6.131779,12.06479,4
-6.131779,12.06479,4
-6.131779,12.06479,4
-6.131779,12.06479,4
-6.131779,12.06479,4
-6.131779,12.06479,4
-6.09894,12.29784,4
-6.057598,12.59124,4
-6.057598,12.59124,4
-6.057598,12.59124,4
-6.016287,12.88441,4
-5.991193,13.0625,4
-5.991193,13.0625,4
-5.991193,13.0625,4
-5.991193,13.0625,4
-5.991193,13.0625,4
-5.991193,13.0625,4
-5.991193,13.0625,4
-5.991193,13.0625,4
-6.029161,12.79304,4
-5.999228,13.00548,4
-6.027735,12.80311,4
-6.002404,12.98293,4
-6.002404,12.98293,4
-5.974836,13.17864,4
-5.974836,13.17864,4
-5.974836,13.17864,4
-5.974836,13.17864,4
-5.974836,13.17864,4
-5.974836,13.17864,4
-5.974836,13.17864,4
-5.974836,13.17864,4
-5.974836,13.17864,4
-6.018702,12.86723,4
-5.980635,13.13748,4
-5.980635,13.13748,4
-5.980635,13.13748,4
-5.980635,13.13748,4
-5.980635,13.13748,4
-5.980635,13.13748,4
-5.980635,13.13748,4
-5.980635,13.13748,4
-5.980635,13.13748,4
-6.006081,12.95683,4
-5.979697,13.14414,4
-6.006632,12.95291,4
-6.006632,12.95291,4
-6.006632,12.95291,4
-6.006632,12.95291,4
-6.006632,12.95291,4
-6.006632,12.95291,4
-6.006632,12.95291,4
-6.006632,12.95291,4
-6.006632,12.95291,4
-11.93631,7.905445,4
-11.93631,7.905445,4
-11.93631,7.905445,4
-11.93631,7.905445,4
-12.13606,7.735413,4
-12.13606,7.735413,4
-12.13606,7.735413,4
-12.13606,7.735413,4
-12.13606,7.735413,4
-12.13606,7.735413,4
-12.13606,7.735413,4
-12.13606,7.735413,4
-12.13606,7.735413,4
-12.26829,7.622854,4
-12.44422,7.473096,4
-12.61101,7.331118,4
-12.61101,7.331118,4
-12.61101,7.331118,4
-12.61101,7.331118,4
-12.61101,7.331118,4
-12.61101,7.331118,4
-12.61101,7.331118,4
-12.61101,7.331118,4
-12.61101,7.331118,4
-12.77451,7.191946,4
1.400656,9.805377,4
15.77124,12.45484,4
30.10389,15.09731,4
33.68241,15.75708,4
33.68241,15.75708,4
33.68241,15.75708,4
33.68241,15.75708,4
33.68241,15.75708,4
33.68241,15.75708,4
33.68241,15.75708,4
33.68241,15.75708,4
33.68241,15.75708,4
33.86541,15.79082,4
34.095,15.83315,4
34.27804,15.86689,4
34.27804,15.86689,4
34.27804,15.86689,4
34.27804,15.86689,4
34.27804,15.86689,4
34.27804,15.86689,4
34.27804,15.86689,4
34.27804,15.86689,4
34.27804,15.86689,4
34.48661,15.90535,4
34.73726,15.95156,4
34.73726,15.95156,4
34.73726,15.95156,4
34.9945,15.99899,4
34.9945,15.99899,4
34.9945,15.99899,4
34.9945,15.99899,4
34.9945,15.99899,4
34.9945,15.99899,4
34.9945,15.99899,4
34.9945,15.99899,4
34.9945,15.99899,4
35.16938,16.03122,4
35.00196,16.00036,4
34.79808,15.96275,4
34.79808,15.96275,4
34.79808,15.96275,4
34.79808,15.96275,4
34.79808,15.96275,4
34.79808,15.96275,4
34.79808,15.96275,4
34.79808,15.96275,4
34.79808,15.96275,4
35.0093,16.00171,4
35.90816,3.29822,4
35.90816,3.29822,4
35.90816,3.29822,4
35.90816,3.29822,4
35.90816,3.29822,4
35.92054,3.123118,4
35.92054,3.123118,4
35.92054,3.123118,4
35.92054,3.123118,4
35.92054,3.123118,4
35.92054,3.123118,4
35.92054,3.123118,4
35.92054,3.123118,4
35.9333,2.942831,4
35.95142,2.686708,4
35.96418,2.506364,4
35.97723,2.3219,4
35.97723,2.3219,4
35.97723,2.3219,4
35.97723,2.3219,4
35.97723,2.3219,4
35.97723,2.3219,4
35.97723,2.3219,4
35.97723,2.3219,4
35.97723,2.3219,4
35.9961,2.055141,4
36.01533,1.783377,4
36.01533,1.783377,4
36.01533,1.783377,4
36.01533,1.783377,4
36.01533,1.783377,4
36.01533,1.783377,4
36.01533,1.783377,4
36.01533,1.783377,4
36.01533,1.783377,4
36.01533,1.783377,4
36.00183,1.974133,4
35.98906,2.154559,4
36.00858,1.878775,4
36.00858,1.878775,4
36.00858,1.878775,4
36.00858,1.878775,4
36.00858,1.878775,4
36.00858,1.878775,4
36.00858,1.878775,4
36.00858,1.878775,4
36.00858,1.878775,4
35.99182,2.11563,4
22.97956,8.27565,4
14.30724,12.38115,4
14.30724,12.38115,4
28.63259,13.90046,4
37.58389,14.84981,4
37.76825,14.86937,4
37.76825,14.86937,4
37.76825,14.86937,4
37.76825,14.86937,4
37.76825,14.86937,4
37.76825,14.86937,4
37.76825,14.86937,4
37.76825,14.86937,4
37.94122,14.88771,4
38.18655,14.91373,4
38.37101,14.93329,4
38.37101,14.93329,4
38.37101,14.93329,4
38.37101,14.93329,4
38.37101,14.93329,4
38.37101,14.93329,4
38.37101,14.93329,4
38.37101,14.93329,4
38.37101,14.93329,4
38.63359,14.96114,4
32.67135,3.311732,4
32.51381,3.003928,4
32.51381,3.003928,4
32.51381,3.003928,4
32.51381,3.003928,4
32.51381,3.003928,4
32.51381,3.003928,4
32.51381,3.003928,4
32.51381,3.003928,4
32.51381,3.003928,4
32.51381,3.003928,4
32.43499,2.849921,4
32.35478,2.693197,4
32.26834,2.524297,4
32.26834,2.524297,4
32.26834,2.524297,4
32.26834,2.524297,4
32.26834,2.524297,4
32.26834,2.524297,4
32.26834,2.524297,4
32.26834,2.524297,4
32.26834,2.524297,4
32.15978,2.312183,4
37.65755,4.472496,4
28.29884,-5.848161,4
20.92296,-13.98217,4
24.711,-0.0750408,4
27.60873,10.56351,4
27.60873,10.56351,4
27.60873,10.56351,4
27.60873,10.56351,4
27.60873,10.56351,4
27.60873,10.56351,4
27.60873,10.56351,4
27.60873,10.56351,4
27.65203,10.72248,4
27.72108,10.97599,4
27.77316,11.16717,4
27.77316,11.16717,4
27.77316,11.16717,4
27.77316,11.16717,4
27.77316,11.16717,4
27.77316,11.16717,4
27.77316,11.16717,4
27.77316,11.16717,4
27.77316,11.16717,4
27.83526,11.39517,4
14.34663,7.365246,4
0.5049349,3.229841,4
13.94882,7.42882,4
27.86313,11.77221,4
33.61304,13.56706,4
33.79568,13.62407,4
33.79568,13.62407,4
33.79568,13.62407,4
33.79568,13.62407,4
33.79568,13.62407,4
33.79568,13.62407,4
33.79568,13.62407,4
33.79568,13.62407,4
33.95279,13.67311,4
34.13352,13.72953,4
34.26682,13.77114,4
34.26682,13.77114,4
34.26682,13.77114,4
34.26682,13.77114,4
34.26682,13.77114,4
34.26682,13.77114,4
34.26682,13.77114,4
34.26682,13.77114,4
34.26682,13.77114,4
34.50727,13.8462,4
28.08517,1.076533,4
21.54151,-11.93484,4
7.524581,-15.25561,4
-6.638534,-18.4649,4
-7.569424,-18.67583,4
-7.569424,-18.67583,4
-7.569424,-18.67583,4
-7.569424,-18.67583,4
-7.569424,-18.67583,4
-7.569424,-18.67583,4
-7.569424,-18.67583,4
-7.750839,-18.71694,4
-7.91405,-18.75393,4
-8.128546,-18.80253,4
-8.128546,-18.80253,4
-8.128546,-18.80253,4
-8.128546,-18.80253,4
-8.128546,-18.80253,4
-8.128546,-18.80253,4
-8.128546,-18.80253,4
-8.128546,-18.80253,4
-8.128546,-18.80253,4
-14.82588,-6.117788,4
-16.34756,-3.235726,4
-3.28186,2.750774,4
9.881301,8.781929,4
23.0012,14.79326,4
28.70849,17.40825,4
28.89267,17.49264,4
28.89267,17.49264,4
28.89267,17.49264,4
28.89267,17.49264,4
28.89267,17.49264,4
28.89267,17.49264,4
28.89267,17.49264,4
28.89267,17.49264,4
29.06205,17.57024,4
29.23553,17.64973,4
29.23553,17.64973,4
29.23553,17.64973,4
29.23553,17.64973,4
29.23553,17.64973,4
29.23553,17.64973,4
29.23553,17.64973,4
29.23553,17.64973,4
29.23553,17.64973,4
29.44034,17.74357,4
29.66117,17.84475,4
32.12367,3.744092,4
33.75994,-5.625311,4
33.07585,-17.66495,4
33.07585,-17.66495,4
33.06575,-17.84278,4
33.06575,-17.84278,4
33.06575,-17.84278,4
33.06575,-17.84278,4
33.06575,-17.84278,4
33.06575,-17.84278,4
33.06575,-17.84278,4
33.06575,-17.84278,4
33.05566,-18.02036,4
33.04449,-18.21691,4
33.04449,-18.21691,4
33.04449,-18.21691,4
33.04449,-18.21691,4
33.04449,-18.21691,4
33.04449,-18.21691,4
33.04449,-18.21691,4
33.04449,-18.21691,4
33.04449,-18.21691,4
33.03209,-18.43522,4
33.03209,-18.43522,4
33.03209,-18.43522,4
33.03209,-18.43522,4
33.01695,-18.70173,4
33.0061,-18.89267,4
33.0061,-18.89267,4
33.0061,-18.89267,4
33.0061,-18.89267,4
33.0061,-18.89267,4
33.0061,-18.89267,4
33.0061,-18.89267,4
33.0061,-18.89267,4
32.99161,-19.14762,4
33.00111,-18.9805,4
32.98986,-19.17874,4
32.98986,-19.17874,4
32.98986,-19.17874,4
32.98986,-19.17874,4
32.98986,-19.17874,4
32.98986,-19.17874,4
32.98986,-19.17874,4
32.98986,-19.17874,4
32.98986,-19.17874,4
33.00253,-18.95547,4
34.63516,-13.27039,4
34.70728,-13.01926,4
34.70728,-13.01926,4
34.78966,-12.73241,4
34.78966,-12.73241,4
34.78966,-12.73241,4
34.78966,-12.73241,4
34.78966,-12.73241,4
34.78966,-12.73241,4
34.78966,-12.73241,4
34.78966,-12.73241,4
34.78966,-12.73241,4
34.83845,-12.56253,4
34.88832,-12.38886,4
34.95041,-12.17267,4
34.95041,-12.17267,4
34.95041,-12.17267,4
34.95041,-12.17267,4
34.95041,-12.17267,4
34.95041,-12.17267,4
34.95041,-12.17267,4
34.95041,-12.17267,4
34.95041,-12.17267,4
35.01244,-11.95667,4
21.2479,-9.321743,4
6.983599,-6.591152,4
20.50297,-10.83933,4
34.33623,-15.16671,4
35.58887,-15.55857,4
35.76544,-15.6138,4
35.76544,-15.6138,4
35.76544,-15.6138,4
35.76544,-15.6138,4
35.76544,-15.6138,4
35.76544,-15.6138,4
35.76544,-15.6138,4
35.76544,-15.6138,4
35.92721,-15.66441,4
36.12096,-15.72502,4
36.12096,-15.72502,4
36.12096,-15.72502,4
36.12096,-15.72502,4
36.12096,-15.72502,4
36.12096,-15.72502,4
36.12096,-15.72502,4
36.12096,-15.72502,4
36.12096,-15.72502,4
36.34002,-15.79354,4
36.55522,-15.86086,4
36.81228,-15.94128,4
36.81228,-15.94128,4
37.07487,-16.02342,4
37.07487,-16.02342,4
37.07487,-16.02342,4
37.07487,-16.02342,4
37.07487,-16.02342,4
37.07487,-16.02342,4
37.07487,-16.02342,4
37.07487,-16.02342,4
37.07487,-16.02342,4
36.91082,-15.9721,4
37.04634,-16.0145,4
36.80048,-15.93759,4
36.80048,-15.93759,4
36.80048,-15.93759,4
36.80048,-15.93759,4
36.80048,-15.93759,4
36.80048,-15.93759,4
36.80048,-15.93759,4
36.80048,-15.93759,4
36.80048,-15.93759,4
37.04239,-16.01326,4
34.44576,-8.32057,4
34.44576,-8.32057,4
20.40885,-5.14415,4
6.24076,-1.938044,4
-7.957008,1.274779,4
-18.59589,3.682263,4
-18.59589,3.682263,4
-18.59589,3.682263,4
-18.59589,3.682263,4
-18.59589,3.682263,4
-18.59589,3.682263,4
-18.59589,3.682263,4
-18.59589,3.682263,4
-18.7598,3.719353,4
-19.01653,3.777451,4
-19.2092,3.82105,4
-19.38146,3.860029,4
-19.38146,3.860029,4
-19.38146,3.860029,4
-19.38146,3.860029,4
-19.38146,3.860029,4
-19.38146,3.860029,4
-19.38146,3.860029,4
-19.38146,3.860029,4
-19.38146,3.860029,4
-19.6643,3.924034,4
-19.99414,3.998675,4
-20.15141,4.034258,4
-20.15141,4.034258,4
-20.15141,4.034258,4
-20.15141,4.034258,4
-20.15141,4.034258,4
-20.15141,4.034258,4
-20.15141,4.034258,4
-20.15141,4.034258,4
-20.15141,4.034258,4
-19.85787,3.967841,4
-20.10349,4.023416,4
-19.83359,3.962348,4
-19.83359,3.962348,4
-19.83359,3.962348,4
-19.83359,3.962348,4
-19.83359,3.962348,4
-19.83359,3.962348,4
-19.83359,3.962348,4
-19.83359,3.962348,4
-19.83359,3.962348,4
-20.02103,4.004759,4
-17.61001,-0.7875245,4
-17.61001,-0.7875245,4
-3.658111,2.472315,4
10.53635,5.788832,4
18.711,7.698828,4
18.711,7.698828,4
18.711,7.698828,4
18.711,7.698828,4
18.711,7.698828,4
18.711,7.698828,4
18.711,7.698828,4
18.711,7.698828,4
18.89132,7.740959,4
19.13196,7.797184,4
19.33693,7.845076,4
19.33693,7.845076,4
19.33693,7.845076,4
19.33693,7.845076,4
19.33693,7.845076,4
19.33693,7.845076,4
19.33693,7.845076,4
19.33693,7.845076,4
19.33693,7.845076,4
19.55083,7.895051,4
29.46978,-2.329972,4
32.96729,-5.935417,4
25.73227,6.303315,4
20.69231,14.82888,4
20.69231,14.82888,4
20.58382,15.01241,4
20.58382,15.01241,4
20.58382,15.01241,4
20.58382,15.01241,4
20.58382,15.01241,4
20.58382,15.01241,4
20.58382,15.01241,4
20.58382,15.01241,4
20.49603,15.1609,4
20.39853,15.32584,4
20.39853,15.32584,4
20.39853,15.32584,4
20.39853,15.32584,4
20.39853,15.32584,4
20.39853,15.32584,4
20.39853,15.32584,4
20.39853,15.32584,4
20.39853,15.32584,4
20.28796,15.51289,4
20.15499,15.73781,4
7.181444,9.544234,4
-5.886922,3.305392,4
6.774882,-3.231091,4
19.78189,-9.795813,4
32.66041,-16.29567,4
39.11966,-19.55569,4
39.11966,-19.55569,4
39.11966,-19.55569,4
39.11966,-19.55569,4
39.11966,-19.55569,4
39.11966,-19.55569,4
39.11966,-19.55569,4
39.27399,-19.63358,4
39.45906,-19.72699,4
39.45906,-19.72699,4
39.45906,-19.72699,4
39.45906,-19.72699,4
39.45906,-19.72699,4
39.45906,-19.72699,4
39.45906,-19.72699,4
39.45906,-19.72699,4
39.45906,-19.72699,4
39.66745,-19.83216,4
39.88716,-19.94305,4
39.88716,-19.94305,4
39.88716,-19.94305,4
40.1361,-20.06869,4
40.1361,-20.06869,4
40.1361,-20.06869,4
40.1361,-20.06869,4
40.1361,-20.06869,4
40.1361,-20.06869,4
40.1361,-20.06869,4
40.1361,-20.06869,4
40.1361,-20.06869,4
39.97422,-19.98699,4
40.13216,-20.0667,4
39.94991,-19.97472,4
39.94991,-19.97472,4
39.94991,-19.97472,4
39.94991,-19.97472,4
39.94991,-19.97472,4
39.94991,-19.97472,4
39.94991,-19.97472,4
39.94991,-19.97472,4
39.94991,-19.97472,4
40.14104,-20.07118,4
34.61247,-8.3036,4
34.61247,-8.3036,4
20.45494,-10.6969,4
6.069398,-13.12874,4
-3.614327,-14.76575,4
-3.786219,-14.79481,4
-3.786219,-14.79481,4
-3.786219,-14.79481,4
-3.786219,-14.79481,4
-3.786219,-14.79481,4
-3.786219,-14.79481,4
-3.786219,-14.79481,4
-3.786219,-14.79481,4
-3.953671,-14.82312,4
-4.155003,-14.85715,4
-4.155003,-14.85715,4
-4.155003,-14.85715,4
-4.155003,-14.85715,4
-4.155003,-14.85715,4
-4.155003,-14.85715,4
-4.155003,-14.85715,4
-4.155003,-14.85715,4
-4.155003,-14.85715,4
-4.373713,-14.89413,4
-14.40157,-4.65355,4
-16.05927,-2.960678,4
-2.027778,-5.723794,4
12.17761,-8.521151,4
26.36755,-11.31547,4
38.59715,-13.72375,4
38.59715,-13.72375,4
38.59715,-13.72375,4
38.59715,-13.72375,4
38.59715,-13.72375,4
38.59715,-13.72375,4
38.59715,-13.72375,4
38.76908,-13.75761,4
38.94437,-13.79212,4
39.13186,-13.82904,4
39.13186,-13.82904,4
39.13186,-13.82904,4
39.13186,-13.82904,4
39.13186,-13.82904,4
39.13186,-13.82904,4
39.13186,-13.82904,4
39.13186,-13.82904,4
39.13186,-13.82904,4
39.36396,-13.87475,4
39.61749,-13.92468,4
25.52198,-10.95591,4
11.35306,-7.971673,4
21.93609,1.465076,4
32.87379,11.01652,4
32.99351,11.12107,4
32.99351,11.12107,4
32.99351,11.12107,4
32.99351,11.12107,4
32.99351,11.12107,4
32.99351,11.12107,4
32.99351,11.12107,4
32.99351,11.12107,4
33.12025,11.23174,4
33.26447,11.35769,4
33.39927,11.4754,4
33.39927,11.4754,4
33.39927,11.4754,4
33.39927,11.4754,4
33.39927,11.4754,4
33.39927,11.4754,4
33.39927,11.4754,4
33.39927,11.4754,4
33.39927,11.4754,4
33.58923,11.64128,4
33.76868,11.798,4
33.9715,11.97511,4
33.9715,11.97511,4
33.9715,11.97511,4
33.9715,11.97511,4
33.9715,11.97511,4
33.9715,11.97511,4
33.9715,11.97511,4
33.9715,11.97511,4
33.9715,11.97511,4
33.9715,11.97511,4
34.10824,12.09453,4
33.91428,11.92514,4
34.05572,12.04866,4
34.05572,12.04866,4
34.05572,12.04866,4
34.05572,12.04866,4
34.05572,12.04866,4
34.05572,12.04866,4
34.05572,12.04866,4
34.05572,12.04866,4
34.05572,12.04866,4
33.87634,11.892,4
34.06956,12.06075,4
34.06956,12.06075,4
34.06956,12.06075,4
33.86332,11.88063,4
34.01558,12.0136,4
33.8768,11.8924,4
33.8768,11.8924,4
33.8768,11.8924,4
33.8768,11.8924,4
33.8768,11.8924,4
33.8768,11.8924,4
33.8768,11.8924,4
33.8768,11.8924,4
34.01279,12.01117,4
33.86483,11.88196,4
34.00335,12.00293,4
34.00335,12.00293,4
34.00335,12.00293,4
34.00335,12.00293,4
34.00335,12.00293,4
34.00335,12.00293,4
34.00335,12.00293,4
34.00335,12.00293,4
34.00335,12.00293,4
27.33094,10.33308,4
27.0708,10.26798,4
26.55438,10.13874,4
26.55438,10.13874,4
26.55438,10.13874,4
26.55438,10.13874,4
26.55438,10.13874,4
26.55438,10.13874,4
26.55438,10.13874,4
26.55438,10.13874,4
26.55438,10.13874,4
26.55438,10.13874,4
26.37229,10.09317,4
26.19395,10.04854,4
25.98507,9.996264,4
25.98507,9.996264,4
25.98507,9.996264,4
25.98507,9.996264,4
25.98507,9.996264,4
25.98507,9.996264,4
25.98507,9.996264,4
25.98507,9.996264,4
25.98507,9.996264,4
26.19482,10.04876,4
25.94566,9.9864,4
25.94566,9.9864,4
25.94566,9.9864,4
26.23305,10.05833,4
26.23305,10.05833,4
26.23305,10.05833,4
26.23305,10.05833,4
26.23305,10.05833,4
26.23305,10.05833,4
26.23305,10.05833,4
26.23305,10.05833,4
26.23305,10.05833,4
26.06142,10.01537,4
25.88936,9.972307,4
26.103,10.02578,4
26.103,10.02578,4
26.103,10.02578,4
26.103,10.02578,4
26.103,10.02578,4
26.103,10.02578,4
26.103,10.02578,4
26.103,10.02578,4
26.103,10.02578,4
25.89297,9.97321,4
26.13793,10.03452,4
26.13793,10.03452,4
26.13793,10.03452,4
25.85782,9.964414,4
25.85782,9.964414,4
25.85782,9.964414,4
25.85782,9.964414,4
25.85782,9.964414,4
25.85782,9.964414,4
25.85782,9.964414,4
25.85782,9.964414,4
25.85782,9.964414,4
26.02377,10.00595,4
25.84899,9.962201,4
26.05224,10.01307,4
26.05224,10.01307,4
26.05224,10.01307,4
26.05224,10.01307,4
26.05224,10.01307,4
26.05224,10.01307,4
26.05224,10.01307,4
26.05224,10.01307,4
26.05224,10.01307,4
11.71151,11.3727,4
-0.3265994,3.322391,4
-12.33193,-4.83006,4
-15.92065,-7.267051,4
-15.92065,-7.267051,4
-15.92065,-7.267051,4
-16.0782,-7.374032,4
-16.0782,-7.374032,4
-16.0782,-7.374032,4
-16.0782,-7.374032,4
-16.0782,-7.374032,4
-16.0782,-7.374032,4
-16.0782,-7.374032,4
-16.0782,-7.374032,4
-16.21862,-7.469388,4
-16.39918,-7.592004,4
-16.55659,-7.698896,4
-16.55659,-7.698896,4
-16.70134,-7.797191,4
-16.70134,-7.797191,4
-16.70134,-7.797191,4
-16.70134,-7.797191,4
-16.70134,-7.797191,4
-16.70134,-7.797191,4
-16.70134,-7.797191,4
-16.70134,-7.797191,4
-16.70134,-7.797191,4
-16.96213,-7.974283,4
-17.10519,-8.071433,4
-17.10519,-8.071433,4
-17.10519,-8.071433,4
-17.10519,-8.071433,4
-17.10519,-8.071433,4
-17.10519,-8.071433,4
-17.10519,-8.071433,4
-17.10519,-8.071433,4
-17.10519,-8.071433,4
-16.95844,-7.971781,4
-17.11031,-8.074907,4
-16.95103,-7.966748,4
-16.95103,-7.966748,4
-16.95103,-7.966748,4
-16.95103,-7.966748,4
-16.95103,-7.966748,4
-16.95103,-7.966748,4
-16.95103,-7.966748,4
-16.95103,-7.966748,4
-16.95103,-7.966748,4
-17.11251,-8.076404,4
-16.91118,-7.939685,4
-16.91118,-7.939685,4
-16.91118,-7.939685,4
-17.15455,-8.104949,4
-17.15455,-8.104949,4
-17.15455,-8.104949,4
-17.15455,-8.104949,4
-17.15455,-8.104949,4
-17.15455,-8.104949,4
-17.15455,-8.104949,4
-17.15455,-8.104949,4
-17.15455,-8.104949,4
-17.0144,-8.009781,4
-16.86552,-7.908688,4
-17.03817,-8.025917,4
-17.03817,-8.025917,4
-17.03817,-8.025917,4
-17.03817,-8.025917,4
-17.03817,-8.025917,4
-17.03817,-8.025917,4
-17.03817,-8.025917,4
-17.03817,-8.025917,4
-17.03817,-8.025917,4
-16.36149,6.330461,4
-6.845845,-4.181583,4
0.05086631,-11.93321,4
0.05086631,-11.93321,4
11.6883,-3.920143,4
23.61115,4.289454,4
27.81183,7.181868,4
27.81183,7.181868,4
27.81183,7.181868,4
27.81183,7.181868,4
27.81183,7.181868,4
27.81183,7.181868,4
27.81183,7.181868,4
28.0477,7.344278,4
28.20163,7.450272,4
28.38499,7.576525,4
28.38499,7.576525,4
28.38499,7.576525,4
28.38499,7.576525,4
28.38499,7.576525,4
28.38499,7.576525,4
28.38499,7.576525,4
28.38499,7.576525,4
28.38499,7.576525,4
28.56181,7.698277,4
33.52523,-5.716821,4
33.52523,-5.716821,4
34.50057,8.645902,4
34.90813,14.64718,4
34.9211,14.83823,4
34.93284,15.01107,4
34.93284,15.01107,4
34.93284,15.01107,4
34.93284,15.01107,4
34.93284,15.01107,4
34.93284,15.01107,4
34.93284,15.01107,4
34.93284,15.01107,4
34.94552,15.19783,4
34.96354,15.46312,4
34.96354,15.46312,4
34.96354,15.46312,4
34.96354,15.46312,4
34.96354,15.46312,4
34.96354,15.46312,4
34.96354,15.46312,4
34.96354,15.46312,4
34.96354,15.46312,4
34.9805,15.71279,4
34.99821,15.97368,4
34.99821,15.97368,4
34.99821,15.97368,4
35.01802,16.26509,4
35.00587,16.08634,4
35.00587,16.08634,4
35.00587,16.08634,4
35.00587,16.08634,4
35.00587,16.08634,4
35.00587,16.08634,4
35.00587,16.08634,4
35.00587,16.08634,4
34.98532,15.78405,4
34.99675,15.95222,4
35.0138,16.20292,4
35.0138,16.20292,4
35.0138,16.20292,4
35.0138,16.20292,4
35.0138,16.20292,4
35.0138,16.20292,4
35.0138,16.20292,4
35.0138,16.20292,4
35.0138,16.20292,4
34.99593,15.94015,4
24.03862,6.612377,4
12.96509,-2.814335,4
2.069095,-12.0899,4
11.12798,-1.07811,4
20.29759,10.06828,4
25.0977,15.90318,4
25.0977,15.90318,4
25.0977,15.90318,4
25.0977,15.90318,4
25.0977,15.90318,4
25.0977,15.90318,4
25.0977,15.90318,4
25.0977,15.90318,4
25.20645,16.03538,4
25.33374,16.19011,4
25.45118,16.33286,4
25.45118,16.33286,4
25.56213,16.46773,4
25.56213,16.46773,4
25.56213,16.46773,4
25.56213,16.46773,4
25.56213,16.46773,4
25.56213,16.46773,4
25.56213,16.46773,4
25.56213,16.46773,4
25.56213,16.46773,4
25.76717,16.71698,4
25.93635,16.92263,4
25.93635,16.92263,4
25.93635,16.92263,4
25.93635,16.92263,4
25.93635,16.92263,4
25.93635,16.92263,4
25.93635,16.92263,4
25.93635,16.92263,4
25.93635,16.92263,4
26.06013,17.0731,4
25.95005,16.93928,4
26.08536,17.10377,4
26.08536,17.10377,4
26.08536,17.10377,4
26.08536,17.10377,4
26.08536,17.10377,4
26.08536,17.10377,4
26.08536,17.10377,4
26.08536,17.10377,4
26.08536,17.10377,4
25.92139,16.90444,4
26.08577,17.10426,4
37.59067,13.4479,4
37.59067,13.4479,4
37.59067,13.4479,4
37.59067,13.4479,4
37.76313,13.39309,4
37.76313,13.39309,4
37.76313,13.39309,4
37.76313,13.39309,4
37.76313,13.39309,4
37.76313,13.39309,4
37.76313,13.39309,4
37.76313,13.39309,4
37.92219,13.34254,4
38.14256,13.27251,4
38.14256,13.27251,4
38.14256,13.27251,4
38.14256,13.27251,4
38.14256,13.27251,4
38.14256,13.27251,4
38.14256,13.27251,4
38.14256,13.27251,4
38.14256,13.27251,4
38.38016,13.19699,4
38.63782,13.11511,4
24.81002,9.358519,4
10.79066,5.549883,4
21.4788,-3.875736,4
32.46141,-13.35591,4
37.95235,-18.09567,4
37.95235,-18.09567,4
37.95235,-18.09567,4
37.95235,-18.09567,4
37.95235,-18.09567,4
37.95235,-18.09567,4
37.95235,-18.09567,4
37.95235,-18.09567,4
38.08846,-18.21316,4
38.25619,-18.35794,4
38.38023,-18.46502,4
38.38023,-18.46502,4
38.38023,-18.46502,4
38.38023,-18.46502,4
38.38023,-18.46502,4
38.38023,-18.46502,4
38.38023,-18.46502,4
38.38023,-18.46502,4
38.38023,-18.46502,4
38.57625,-18.63422,4
38.78075,-18.81075,4
38.78075,-18.81075,4
38.98695,-18.98873,4
38.98695,-18.98873,4
38.98695,-18.98873,4
38.98695,-18.98873,4
38.98695,-18.98873,4
38.98695,-18.98873,4
38.98695,-18.98873,4
38.98695,-18.98873,4
38.98695,-18.98873,4
39.12811,-19.11057,4
38.99664,-18.9971,4
39.15948,-19.13769,4
39.15948,-19.13769,4
39.15948,-19.13769,4
39.15948,-19.13769,4
39.15948,-19.13769,4
39.15948,-19.13769,4
39.15948,-19.13769,4
39.15948,-19.13769,4
39.15948,-19.13769,4
38.97138,-18.97529,4
39.17524,-19.1513,4
39.17524,-19.1513,4
39.17524,-19.1513,4
39.17524,-19.1513,4
39.17524,-19.1513,4
39.04522,-19.03905,4
39.04522,-19.03905,4
39.04522,-19.03905,4
39.04522,-19.03905,4
39.04522,-19.03905,4
39.04522,-19.03905,4
39.04522,-19.03905,4
39.04522,-19.03905,4
38.90711,-18.9198,4
39.06308,-19.05446,4
38.91973,-18.9307,4
38.91973,-18.9307,4
38.91973,-18.9307,4
38.91973,-18.9307,4
38.91973,-18.9307,4
38.91973,-18.9307,4
38.91973,-18.9307,4
38.91973,-18.9307,4
38.91973,-18.9307,4
24.92619,-15.94512,4
10.66563,-12.90257,4
-3.57168,-9.864985,4
-15.55448,-7.308411,4
-15.55448,-7.308411,4
-15.55448,-7.308411,4
-15.55448,-7.308411,4
-15.55448,-7.308411,4
-15.55448,-7.308411,4
-15.55448,-7.308411,4
-15.55448,-7.308411,4
-15.55448,-7.308411,4
-15.73806,-7.269243,4
-15.99885,-7.2136,4
-16.22078,-7.166251,4
-16.22078,-7.166251,4
-16.22078,-7.166251,4
-16.22078,-7.166251,4
-16.22078,-7.166251,4
-16.22078,-7.166251,4
-16.22078,-7.166251,4
-16.22078,-7.166251,4
-16.22078,-7.166251,4
-16.45804,-7.11563,4
-2.139162,-7.082818,4
12.51878,-7.049226,4
25.2948,-14.034,4
34.84565,-19.35669,4
34.84565,-19.35669,4
35.02544,-19.45689,4
35.02544,-19.45689,4
35.02544,-19.45689,4
35.02544,-19.45689,4
35.02544,-19.45689,4
35.02544,-19.45689,4
35.02544,-19.45689,4
35.02544,-19.45689,4
35.18393,-19.54521,4
35.35091,-19.63827,4
35.47381,-19.70676,4
35.47381,-19.70676,4
35.47381,-19.70676,4
35.47381,-19.70676,4
35.47381,-19.70676,4
35.47381,-19.70676,4
35.47381,-19.70676,4
35.47381,-19.70676,4
35.47381,-19.70676,4
35.69779,-19.83158,4
25.43514,-9.804731,4
32.96963,-2.032866,4
33.11102,-1.891129,4
33.2264,-1.775475,4
33.35028,-1.651296,4
33.35028,-1.651296,4
33.35028,-1.651296,4
33.35028,-1.651296,4
33.35028,-1.651296,4
33.35028,-1.651296,4
33.35028,-1.651296,4
33.35028,-1.651296,4
33.47862,-1.522645,4
33.64074,-1.360127,4
33.80293,-1.197554,4
33.80293,-1.197554,4
33.80293,-1.197554,4
33.80293,-1.197554,4
33.80293,-1.197554,4
33.80293,-1.197554,4
33.80293,-1.197554,4
33.80293,-1.197554,4
33.80293,-1.197554,4
33.9874,-1.012631,4
34.16472,-0.8348721,4
33.94583,-1.054306,4
33.94583,-1.054306,4
33.94583,-1.054306,4
33.94583,-1.054306,4
33.94583,-1.054306,4
33.94583,-1.054306,4
33.94583,-1.054306,4
33.94583,-1.054306,4
33.94583,-1.054306,4
33.94583,-1.054306,4
34.07537,-0.9244413,4
33.95222,-1.047895,4
34.09389,-0.905881,4
34.09389,-0.905881,4
34.09389,-0.905881,4
34.09389,-0.905881,4
34.09389,-0.905881,4
34.09389,-0.905881,4
34.09389,-0.905881,4
34.09389,-0.905881,4
34.09389,-0.905881,4
33.92023,-1.07996,4
19.59739,-1.338749,4
5.043193,-1.601717,4
-8.930706,-5.771599,4
-11.61998,-6.58341,4
-11.61998,-6.58341,4
-11.82232,-6.644492,4
-11.82232,-6.644492,4
-11.82232,-6.644492,4
-11.82232,-6.644492,4
-11.82232,-6.644492,4
-11.82232,-6.644492,4
-11.82232,-6.644492,4
-11.82232,-6.644492,4
-11.99241,-6.695838,4
-12.20813,-6.760958,4
-12.3697,-6.80973,4
-12.3697,-6.80973,4
-12.3697,-6.80973,4
-12.3697,-6.80973,4
-12.3697,-6.80973,4
-12.3697,-6.80973,4
-12.3697,-6.80973,4
-12.3697,-6.80973,4
-12.3697,-6.80973,4
-12.60445,-6.880593,4
-12.86798,-6.960145,4
-12.86798,-6.960145,4
-13.16275,-7.04913,4
-13.16275,-7.04913,4
-13.16275,-7.04913,4
-13.16275,-7.04913,4
-13.16275,-7.04913,4
-13.16275,-7.04913,4
-13.16275,-7.04913,4
-13.16275,-7.04913,4
-13.16275,-7.04913,4
-12.98527,-6.995554,4
-13.15859,-7.047875,4
-12.96625,-6.989811,4
-12.96625,-6.989811,4
-12.96625,-6.989811,4
-12.96625,-6.989811,4
-12.96625,-6.989811,4
-12.96625,-6.989811,4
-12.96625,-6.989811,4
-12.96625,-6.989811,4
-12.96625,-6.989811,4
-13.16622,-7.05018,4
-1.092872,0.8634626,4
11.00227,8.791387,4
20.87169,15.26043,4
21.10906,15.41602,4
21.10906,15.41602,4
21.10906,15.41602,4
21.10906,15.41602,4
21.10906,15.41602,4
21.10906,15.41602,4
21.10906,15.41602,4
21.10906,15.41602,4
21.10906,15.41602,4
21.26094,15.51557,4
21.40985,15.61318,4
21.57969,15.72451,4
21.57969,15.72451,4
21.57969,15.72451,4
21.57969,15.72451,4
21.57969,15.72451,4
21.57969,15.72451,4
21.57969,15.72451,4
21.57969,15.72451,4
21.57969,15.72451,4
21.75453,15.8391,4
28.60336,3.136863,4
35.4585,-9.577069,4
39.35101,-16.79635,4
39.49715,-17.06739,4
39.49715,-17.06739,4
39.49715,-17.06739,4
39.49715,-17.06739,4
39.49715,-17.06739,4
39.49715,-17.06739,4
39.49715,-17.06739,4
39.49715,-17.06739,4
39.49715,-17.06739,4
39.58726,-17.23452,4
39.67296,-17.39346,4
39.7759,-17.58438,4
39.7759,-17.58438,4
39.7759,-17.58438,4
39.7759,-17.58438,4
39.7759,-17.58438,4
39.7759,-17.58438,4
39.7759,-17.58438,4
39.7759,-17.58438,4
39.7759,-17.58438,4
39.88068,-17.77872,4
26.12536,-13.96299,4
12.16121,-10.08933,4
25.58864,-5.316701,4
36.61606,-1.481337,4
36.79593,-1.418779,4
36.79593,-1.418779,4
36.79593,-1.418779,4
36.79593,-1.418779,4
36.79593,-1.418779,4
36.79593,-1.418779,4
36.79593,-1.418779,4
36.79593,-1.418779,4
37.07743,-1.320873,4
37.2196,-1.271426,4
37.42227,-1.200936,4
37.42227,-1.200936,4
37.42227,-1.200936,4
37.42227,-1.200936,4
37.42227,-1.200936,4
37.42227,-1.200936,4
37.42227,-1.200936,4
37.42227,-1.200936,4
37.42227,-1.200936,4
37.64032,-1.125098,4
37.87587,-1.043174,4
37.87587,-1.043174,4
37.87587,-1.043174,4
38.12294,-0.9572402,4
38.12294,-0.9572402,4
38.12294,-0.9572402,4
38.12294,-0.9572402,4
38.12294,-0.9572402,4
38.12294,-0.9572402,4
38.12294,-0.9572402,4
38.12294,-0.9572402,4
38.12294,-0.9572402,4
37.94914,-1.01769,4
38.10681,-0.9628501,4
37.92957,-1.024497,4
37.92957,-1.024497,4
37.92957,-1.024497,4
37.92957,-1.024497,4
37.92957,-1.024497,4
37.92957,-1.024497,4
37.92957,-1.024497,4
37.92957,-1.024497,4
37.92957,-1.024497,4
38.15506,-0.9460674,4
34.78234,-5.860099,4
34.78234,-5.860099,4
34.9763,-17.56895,4
34.9763,-17.56895,4
34.9763,-17.56895,4
34.9763,-17.56895,4
34.9763,-17.56895,4
34.9763,-17.56895,4
34.9763,-17.56895,4
34.9763,-17.56895,4
34.9763,-17.56895,4
34.9763,-17.56895,4
34.97922,-17.74488,4
34.98392,-18.0288,4
34.98716,-18.22455,4
34.98716,-18.22455,4
34.98716,-18.22455,4
34.98716,-18.22455,4
34.98716,-18.22455,4
34.98716,-18.22455,4
34.98716,-18.22455,4
34.98716,-18.22455,4
34.98716,-18.22455,4
34.99139,-18.48026,4
21.34677,-14.15517,4
7.506628,-9.768117,4
21.33084,-12.61662,4
26.56588,-13.70252,4
26.75495,-13.74174,4
26.91333,-13.7746,4
26.91333,-13.7746,4
26.91333,-13.7746,4
26.91333,-13.7746,4
26.91333,-13.7746,4
26.91333,-13.7746,4
26.91333,-13.7746,4
26.91333,-13.7746,4
27.10052,-13.81342,4
27.29906,-13.85461,4
27.29906,-13.85461,4
27.29906,-13.85461,4
27.29906,-13.85461,4
27.29906,-13.85461,4
27.29906,-13.85461,4
27.29906,-13.85461,4
27.29906,-13.85461,4
27.29906,-13.85461,4
27.51608,-13.89962,4
27.76438,-13.95113,4
33.04335,-8.066419,4
33.04335,-8.066419,4
19.27947,-12.02213,4
5.258035,-16.05186,4
-3.645327,-18.61066,4
-3.645327,-18.61066,4
-3.645327,-18.61066,4
-3.645327,-18.61066,4
-3.645327,-18.61066,4
-3.645327,-18.61066,4
-3.645327,-18.61066,4
-3.832061,-18.66433,4
-4.114983,-18.74564,4
-4.260447,-18.78745,4
-4.260447,-18.78745,4
-4.260447,-18.78745,4
-4.260447,-18.78745,4
-4.260447,-18.78745,4
-4.260447,-18.78745,4
-4.260447,-18.78745,4
-4.260447,-18.78745,4
-4.260447,-18.78745,4
-4.474478,-18.84896,4
-12.744,-7.72504,4
-16.121,-3.182396,4
-2.993717,-7.770197,4
10.68063,-12.54918,4
24.31847,-17.31541,4
30.69188,-19.54283,4
30.69188,-19.54283,4
30.69188,-19.54283,4
30.69188,-19.54283,4
30.69188,-19.54283,4
30.69188,-19.54283,4
30.69188,-19.54283,4
30.92005,-19.62257,4
31.1045,-19.68704,4
31.42217,-19.79806,4
31.42217,-19.79806,4
31.42217,-19.79806,4
31.42217,-19.79806,4
31.42217,-19.79806,4
31.42217,-19.79806,4
31.42217,-19.79806,4
31.42217,-19.79806,4
31.42217,-19.79806,4
31.63842,-19.87363,4
18.21019,-14.93904,4
4.620331,-9.945039,4
-2.673472,-13.35243,4
-2.924165,-13.47481,4
-2.924165,-13.47481,4
-2.924165,-13.47481,4
-2.924165,-13.47481,4
-2.924165,-13.47481,4
-2.924165,-13.47481,4
-2.924165,-13.47481,4
-2.924165,-13.47481,4
-2.924165,-13.47481,4
-3.088853,-13.5552,4
-3.250907,-13.63431,4
-3.444414,-13.72878,4
-3.444414,-13.72878,4
-3.444414,-13.72878,4
-3.444414,-13.72878,4
-3.444414,-13.72878,4
-3.444414,-13.72878,4
-3.444414,-13.72878,4
-3.444414,-13.72878,4
-3.444414,-13.72878,4
-3.635453,-13.82204,4
-13.82157,-4.811583,4
-15.89295,-2.979281,4
-2.198116,0.893843,4
11.71407,4.828438,4
25.73396,8.793491,4
28.56895,9.595277,4
28.56895,9.595277,4
28.56895,9.595277,4
28.56895,9.595277,4
28.56895,9.595277,4
28.56895,9.595277,4
28.56895,9.595277,4
28.56895,9.595277,4
28.81903,9.666003,4
29.08376,9.740872,4
29.2641,9.791876,4
29.2641,9.791876,4
29.2641,9.791876,4
29.2641,9.791876,4
29.2641,9.791876,4
29.2641,9.791876,4
29.2641,9.791876,4
29.2641,9.791876,4
29.2641,9.791876,4
29.51206,9.862003,4
29.77007,9.934971,4
29.77007,9.934971,4
29.95904,9.988417,4
29.95904,9.988417,4
29.95904,9.988417,4
29.95904,9.988417,4
29.95904,9.988417,4
29.95904,9.988417,4
29.95904,9.988417,4
29.95904,9.988417,4
29.95904,9.988417,4
30.14509,10.04104,4
29.86674,9.962312,4
30.07809,10.02209,4
30.07809,10.02209,4
30.07809,10.02209,4
30.07809,10.02209,4
30.07809,10.02209,4
30.07809,10.02209,4
30.07809,10.02209,4
30.07809,10.02209,4
30.07809,10.02209,4
29.85353,9.958574,4
15.83982,13.05639,4
1.720866,16.17747,4
-0.6250142,16.69605,4
12.07244,10.01368,4
24.94498,3.239169,4
31.694,-0.3126824,4
31.694,-0.3126824,4
31.694,-0.3126824,4
31.694,-0.3126824,4
31.694,-0.3126824,4
31.694,-0.3126824,4
31.694,-0.3126824,4
31.8631,-0.4016764,4
32.08853,-0.5203128,4
32.31925,-0.6417352,4
32.48782,-0.7304488,4
32.48782,-0.7304488,4
32.48782,-0.7304488,4
32.48782,-0.7304488,4
32.48782,-0.7304488,4
32.48782,-0.7304488,4
32.48782,-0.7304488,4
32.48782,-0.7304488,4
32.48782,-0.7304488,4
32.7086,-0.8466408,4
19.32994,-3.617681,4
31.41739,-11.14653,4
39.85537,-16.30081,4
39.85537,-16.30081,4
39.85537,-16.30081,4
39.85537,-16.30081,4
39.85537,-16.30081,4
39.85537,-16.30081,4
39.85537,-16.30081,4
39.85537,-16.30081,4
39.85537,-16.30081,4
40.01808,-16.4002,4
40.16256,-16.48846,4
40.16256,-16.48846,4
40.16256,-16.48846,4
40.16256,-16.48846,4
40.30469,-16.57527,4
40.44329,-16.65994,4
40.44329,-16.65994,4
40.44329,-16.65994,4
40.44329,-16.65994,4
40.44329,-16.65994,4
40.44329,-16.65994,4
40.44329,-16.65994,4
40.44329,-16.65994,4
40.44329,-16.65994,4
40.71317,-16.82479,4
40.88332,-16.92873,4
40.88332,-16.92873,4
40.88332,-16.92873,4
40.88332,-16.92873,4
40.88332,-16.92873,4
40.88332,-16.92873,4
40.88332,-16.92873,4
40.88332,-16.92873,4
41.1533,-17.09364,4
40.90063,-16.9393,4
41.05324,-17.03252,4
41.05324,-17.03252,4
41.05324,-17.03252,4
41.05324,-17.03252,4
41.05324,-17.03252,4
41.05324,-17.03252,4
41.05324,-17.03252,4
41.05324,-17.03252,4
41.05324,-17.03252,4
40.81985,-16.88997,4
39.62693,-2.540927,4
32.98397,10.25448,4
32.7197,10.72329,4
32.7197,10.72329,4
32.7197,10.72329,4
32.7197,10.72329,4
32.7197,10.72329,4
32.7197,10.72329,4
32.7197,10.72329,4
32.7197,10.72329,4
32.7197,10.72329,4
32.7197,10.72329,4
32.6293,10.88366,4
32.51081,11.09385,4
32.42351,11.24872,4
32.42351,11.24872,4
32.42351,11.24872,4
32.42351,11.24872,4
32.42351,11.24872,4
32.42351,11.24872,4
32.42351,11.24872,4
32.42351,11.24872,4
32.42351,11.24872,4
32.31056,11.44907,4
32.16791,11.70213,4
32.16791,11.70213,4
32.16791,11.70213,4
32.02515,11.95538,4
32.02515,11.95538,4
32.02515,11.95538,4
32.02515,11.95538,4
32.02515,11.95538,4
32.02515,11.95538,4
32.02515,11.95538,4
32.02515,11.95538,4
32.02515,11.95538,4
31.94005,12.10635,4
32.02838,11.94965,4
31.87627,12.21951,4
31.87627,12.21951,4
31.87627,12.21951,4
20.53076,3.400359,4
9.041325,-5.530672,4
-2.408519,-14.43092,4
-5.840141,-17.09841,4
-5.840141,-17.09841,4
-5.840141,-17.09841,4
-5.840141,-17.09841,4
-5.840141,-17.09841,4
-5.840141,-17.09841,4
-5.840141,-17.09841,4
-6.055055,-17.26547,4
-6.24682,-17.41453,4
-6.3926,-17.52785,4
-6.3926,-17.52785,4
-6.3926,-17.52785,4
-6.3926,-17.52785,4
-6.3926,-17.52785,4
-6.3926,-17.52785,4
-6.3926,-17.52785,4
-6.3926,-17.52785,4
-6.529337,-17.63414,4
-6.687108,-17.75678,4
-6.845797,-17.88013,4
-6.845797,-17.88013,4
-6.845797,-17.88013,4
-6.845797,-17.88013,4
-6.845797,-17.88013,4
-6.845797,-17.88013,4
-6.845797,-17.88013,4
-6.845797,-17.88013,4
-6.845797,-17.88013,4
-7.051622,-18.04013,4
6.828257,-14.30737,4
20.84565,-10.53763,4
21.00219,3.862075,4
21.00051,8.570659,4
21.00045,8.746079,4
21.00045,8.746079,4
21.00045,8.746079,4
21.00045,8.746079,4
21.00045,8.746079,4
21.00045,8.746079,4
21.00045,8.746079,4
21.00045,8.746079,4
21.00038,8.930575,4
21.00028,9.206536,4
21.00022,9.391032,4
21.00022,9.391032,4
21.00022,9.391032,4
21.00022,9.391032,4
21.00022,9.391032,4
21.00022,9.391032,4
21.00022,9.391032,4
21.00022,9.391032,4
21.00022,9.391032,4
21.00012,9.650652,4
7.292723,5.448027,4
-6.635249,1.177779,4
-12.67607,3.435292,4
-12.67607,3.435292,4
-12.67607,3.435292,4
-12.67607,3.435292,4
-12.67607,3.435292,4
-12.67607,3.435292,4
-12.67607,3.435292,4
-12.67607,3.435292,4
-12.67607,3.435292,4
-12.8338,3.502568,4
-13.01244,3.578765,4
-13.26299,3.685637,4
-13.40804,3.747507,4
-13.40804,3.747507,4
-13.56664,3.815157,4
-13.56664,3.815157,4
-13.56664,3.815157,4
-13.56664,3.815157,4
-13.73729,3.887944,4
-13.92537,3.968168,4
-13.92537,3.968168,4
-13.92537,3.968168,4
-13.92537,3.968168,4
-13.92537,3.968168,4
-13.92537,3.968168,4
-13.92537,3.968168,4
-14.1036,4.044191,4
-14.1036,4.044191,4
-14.1036,4.044191,4
-14.1036,4.044191,4
-14.1036,4.044191,4
-14.1036,4.044191,4
-14.1036,4.044191,4
-14.1036,4.044191,4
-13.93197,3.970982,4
-14.12658,4.053994,4
-14.12658,4.053994,4
-14.12658,4.053994,4
-14.12658,4.053994,4
-14.12658,4.053994,4
-14.12658,4.053994,4
-14.12658,4.053994,4
-14.12658,4.053994,4
-14.12658,4.053994,4
-13.89302,3.95437,4
-14.14459,4.061673,4
-16.41328,-0.7544752,4
-16.41328,-0.7544752,4
-2.508704,-4.481682,4
11.52434,-8.243321,4
25.50634,-11.99128,4
32.55986,-13.88202,4
32.55986,-13.88202,4
32.55986,-13.88202,4
32.55986,-13.88202,4
32.55986,-13.88202,4
32.55986,-13.88202,4
32.7286,-13.92725,4
32.90977,-13.97581,4
33.11888,-14.03187,4
33.11888,-14.03187,4
33.11888,-14.03187,4
33.11888,-14.03187,4
33.11888,-14.03187,4
33.11888,-14.03187,4
33.11888,-14.03187,4
33.11888,-14.03187,4
33.11888,-14.03187,4
32.91301,-13.97668,4
33.12382,-14.03319,4
33.12382,-14.03319,4
33.12382,-14.03319,4
32.85223,-13.96039,4
32.85223,-13.96039,4
32.85223,-13.96039,4
32.85223,-13.96039,4
32.85223,-13.96039,4
32.85223,-13.96039,4
32.85223,-13.96039,4
32.85223,-13.96039,4
32.85223,-13.96039,4
33.02601,-14.00697,4
32.84951,-13.95966,4
33.03276,-14.00878,4
33.03276,-14.00878,4
33.03276,-14.00878,4
33.03276,-14.00878,4
33.03276,-14.00878,4
33.03276,-14.00878,4
33.03276,-14.00878,4
33.03276,-14.00878,4
33.03276,-14.00878,4
32.79071,-13.9439,4
33.76276,-8.362328,4
33.76276,-8.362328,4
27.62142,4.582355,4
26.60308,6.728816,4
26.53681,6.868511,4
26.46903,7.011364,4
26.46903,7.011364,4
26.46903,7.011364,4
26.46903,7.011364,4
26.46903,7.011364,4
26.46903,7.011364,4
26.46903,7.011364,4
26.46903,7.011364,4
26.39326,7.17107,4
26.28696,7.395139,4
26.20734,7.562969,4
26.13362,7.718359,4
26.13362,7.718359,4
26.13362,7.718359,4
26.13362,7.718359,4
26.03443,7.927438,4
25.93975,8.127001,4
25.93975,8.127001,4
25.93975,8.127001,4
25.93975,8.127001,4
25.93975,8.127001,4
25.93975,8.127001,4
25.93975,8.127001,4
25.93975,8.127001,4
26.02585,7.945517,4
26.02585,7.945517,4
26.02585,7.945517,4
26.02585,7.945517,4
26.02585,7.945517,4
26.02585,7.945517,4
26.02585,7.945517,4
26.02585,7.945517,4
25.9473,8.111073,4
26.04433,7.90657,4
26.04433,7.90657,4
26.04433,7.90657,4
26.04433,7.90657,4
26.04433,7.90657,4
26.04433,7.90657,4
26.04433,7.90657,4
26.04433,7.90657,4
26.04433,7.90657,4
25.9465,8.112774,4
13.26771,1.347774,4
0.3862675,-5.525354,4
-6.702742,-9.307824,4
-8.940231,4.910756,4
-10.78034,16.60412,4
-10.78034,16.60412,4
-10.78034,16.60412,4
-10.78034,16.60412,4
-10.78034,16.60412,4
-10.78034,16.60412,4
-10.78034,16.60412,4
-10.78034,16.60412,4
-10.80752,16.77681,4
-10.85072,17.05137,4
-10.88403,17.26301,4
-10.88403,17.26301,4
-10.88403,17.26301,4
-10.88403,17.26301,4
-10.88403,17.26301,4
-10.88403,17.26301,4
-10.88403,17.26301,4
-10.88403,17.26301,4
-10.88403,17.26301,4
-10.92102,17.49811,4
2.115103,12.11069,4
15.46253,6.594608,4
27.70797,1.533955,4
27.95714,1.430982,4
27.95714,1.430982,4
27.95714,1.430982,4
27.95714,1.430982,4
27.95714,1.430982,4
27.95714,1.430982,4
27.95714,1.430982,4
27.95714,1.430982,4
27.95714,1.430982,4
28.11928,1.363974,4
28.29205,1.292572,4
28.52476,1.196403,4
28.52476,1.196403,4
28.52476,1.196403,4
28.69259,1.127044,4
28.8448,1.064141,4
29.02831,0.9883009,4
29.02831,0.9883009,4
29.02831,0.9883009,4
29.02831,0.9883009,4
29.02831,0.9883009,4
29.02831,0.9883009,4
29.02831,0.9883009,4
29.02831,0.9883009,4
29.02831,0.9883009,4
28.84644,1.063463,4
29.01295,0.9946477,4
29.01295,0.9946477,4
29.01295,0.9946477,4
29.01295,0.9946477,4
29.01295,0.9946477,4
29.01295,0.9946477,4
29.01295,0.9946477,4
29.01295,0.9946477,4
28.83585,1.067838,4
29.0168,0.9930565,4
29.0168,0.9930565,4
29.0168,0.9930565,4
29.0168,0.9930565,4
29.0168,0.9930565,4
29.0168,0.9930565,4
29.0168,0.9930565,4
29.0168,0.9930565,4
29.0168,0.9930565,4
28.81211,1.077646,4
33.23946,-5.815832,4
33.23946,-5.815832,4
29.60042,8.074279,4
27.356,16.64117,4
27.356,16.64117,4
27.356,16.64117,4
27.356,16.64117,4
27.356,16.64117,4
27.356,16.64117,4
27.356,16.64117,4
27.356,16.64117,4
27.356,16.64117,4
27.30893,16.82084,4
27.23546,17.10127,4
27.18239,17.30383,4
27.18239,17.30383,4
27.18239,17.30383,4
27.18239,17.30383,4
27.18239,17.30383,4
27.18239,17.30383,4
27.18239,17.30383,4
27.18239,17.30383,4
27.18239,17.30383,4
27.11587,17.55774,4
27.0704,17.73128,4
27.0704,17.73128,4
27.0704,17.73128,4
26.99214,18.03001,4
26.99214,18.03001,4
26.99214,18.03001,4
26.99214,18.03001,4
26.99214,18.03001,4
26.99214,18.03001,4
26.99214,18.03001,4
26.99214,18.03001,4
26.99214,18.03001,4
27.06824,17.73955,4
27.00176,17.99329,4
26.94081,18.22585,4
26.94081,18.22585,4
26.94081,18.22585,4
27.76888,13.35855,4
27.76888,13.35855,4
27.76888,13.35855,4
27.76888,13.35855,4
27.76888,13.35855,4
27.76888,13.35855,4
27.76888,13.35855,4
27.76888,13.35855,4
27.76888,13.35855,4
27.8305,12.9963,4
27.87533,12.73282,4
27.87533,12.73282,4
27.87533,12.73282,4
27.87533,12.73282,4
27.87533,12.73282,4
27.87533,12.73282,4
27.87533,12.73282,4
27.87533,12.73282,4
27.87533,12.73282,4
27.90571,12.55422,4
27.95688,12.25348,4
27.99094,12.05328,4
28.01861,11.89059,4
28.01861,11.89059,4
28.01861,11.89059,4
28.01861,11.89059,4
28.01861,11.89059,4
28.01861,11.89059,4
28.01861,11.89059,4
28.01861,11.89059,4
28.01861,11.89059,4
27.96986,12.17717,4
28.01772,11.89585,4
28.01772,11.89585,4
27.96746,12.19126,4
27.96746,12.19126,4
27.96746,12.19126,4
27.96746,12.19126,4
27.96746,12.19126,4
27.96746,12.19126,4
27.96746,12.19126,4
27.96746,12.19126,4
27.96746,12.19126,4
27.99694,12.018,4
28.02662,11.84353,4
27.99206,12.04669,4
27.99206,12.04669,4
27.99206,12.04669,4
27.99206,12.04669,4
27.99206,12.04669,4
27.99206,12.04669,4
27.99206,12.04669,4
27.99206,12.04669,4
27.99206,12.04669,4
28.02889,11.8302,4
15.79538,4.417818,4
3.426381,-3.076665,4
-6.847243,-9.301538,4
7.479933,-10.4573,4
21.97489,-11.62659,4
36.44841,-12.79416,4
43.69884,-13.37905,4
43.69884,-13.37905,4
43.69884,-13.37905,4
43.69884,-13.37905,4
43.69884,-13.37905,4
43.69884,-13.37905,4
43.69884,-13.37905,4
40.37172,-13.11065,4
40.17736,-13.09498,4
40.01432,-13.08182,4
40.01432,-13.08182,4
40.01432,-13.08182,4
40.01432,-13.08182,4
40.01432,-13.08182,4
40.01432,-13.08182,4
40.01432,-13.08182,4
40.01432,-13.08182,4
40.01432,-13.08182,4
39.74508,-13.0601,4
39.47154,-13.03804,4
39.47154,-13.03804,4
39.21173,-13.01708,4
39.21173,-13.01708,4
39.21173,-13.01708,4
39.21173,-13.01708,4
39.21173,-13.01708,4
39.21173,-13.01708,4
39.21173,-13.01708,4
39.21173,-13.01708,4
39.21173,-13.01708,4
39.03933,-13.00317,4
38.83136,-12.9864,4
39.04521,-13.00365,4
39.04521,-13.00365,4
39.04521,-13.00365,4
39.04521,-13.00365,4
39.04521,-13.00365,4
39.04521,-13.00365,4
39.04521,-13.00365,4
39.04521,-13.00365,4
39.04521,-13.00365,4
38.82418,-12.98582,4
39.10215,-13.00824,4
39.10215,-13.00824,4
39.10215,-13.00824,4
38.83821,-12.98695,4
39.02699,-13.00218,4
39.02699,-13.00218,4
39.02699,-13.00218,4
39.02699,-13.00218,4
39.02699,-13.00218,4
39.02699,-13.00218,4
39.02699,-13.00218,4
39.02699,-13.00218,4
38.693,-12.97524,4
38.89053,-12.99117,4
38.89053,-12.99117,4
38.89053,-12.99117,4
38.89053,-12.99117,4
34.28761,-15.34229,4
34.28761,-15.34229,4
34.28761,-15.34229,4
34.28761,-15.34229,4
34.11592,-15.42999,4
33.92536,-15.52733,4
33.74017,-15.62192,4
33.74017,-15.62192,4
33.74017,-15.62192,4
33.74017,-15.62192,4
33.74017,-15.62192,4
33.74017,-15.62192,4
33.55102,-15.71854,4
33.55102,-15.71854,4
33.55102,-15.71854,4
33.55102,-15.71854,4
33.55102,-15.71854,4
33.55102,-15.71854,4
33.55102,-15.71854,4
33.55102,-15.71854,4
33.39933,-15.79603,4
33.20699,-15.89427,4
33.04076,-15.97918,4
33.04076,-15.97918,4
33.04076,-15.97918,4
33.04076,-15.97918,4
33.04076,-15.97918,4
33.04076,-15.97918,4
33.04076,-15.97918,4
33.04076,-15.97918,4
33.04076,-15.97918,4
32.80058,-16.10186,4
18.78078,-14.73435,4
4.25947,-13.31794,4
13.93683,-2.940554,4
23.92977,7.537759,4
31.0479,15.00163,4
31.0479,15.00163,4
31.0479,15.00163,4
31.0479,15.00163,4
31.0479,15.00163,4
31.0479,15.00163,4
31.0479,15.00163,4
31.17218,15.13195,4
31.2934,15.25906,4
31.40667,15.37783,4
31.40667,15.37783,4
31.40667,15.37783,4
31.40667,15.37783,4
31.40667,15.37783,4
31.40667,15.37783,4
31.40667,15.37783,4
31.40667,15.37783,4
31.40667,15.37783,4
31.58058,15.56019,4
31.77483,15.76389,4
33.16636,1.528204,4
33.86459,-5.614799,4
32.54178,-2.340891,4
32.47211,-2.16847,4
32.38129,-1.943688,4
32.38129,-1.943688,4
32.38129,-1.943688,4
32.38129,-1.943688,4
32.38129,-1.943688,4
32.38129,-1.943688,4
32.38129,-1.943688,4
32.38129,-1.943688,4
32.31593,-1.781923,4
32.23597,-1.584017,4
32.23597,-1.584017,4
32.23597,-1.584017,4
32.17356,-1.429566,4
32.11224,-1.277793,4
32.05071,-1.125516,4
32.05071,-1.125516,4
32.05071,-1.125516,4
32.05071,-1.125516,4
31.96027,-0.9016734,4
17.63919,-1.222938,4
3.05311,-1.550148,4
-3.302997,-11.84045,4
-3.302997,-11.84045,4
-3.302997,-11.84045,4
-3.411158,-12.02039,4
-3.411158,-12.02039,4
-3.411158,-12.02039,4
-3.411158,-12.02039,4
-3.411158,-12.02039,4
-3.411158,-12.02039,4
-3.411158,-12.02039,4
-3.411158,-12.02039,4
-3.500518,-12.16905,4
-3.608928,-12.3494,4
-3.703611,-12.50692,4
-3.703611,-12.50692,4
-3.703611,-12.50692,4
-3.703611,-12.50692,4
-3.703611,-12.50692,4
-3.703611,-12.50692,4
-3.703611,-12.50692,4
-3.703611,-12.50692,4
-3.703611,-12.50692,4
-3.821929,-12.70376,4
-0.3697863,-12.91584,4
-0.3697863,-12.91584,4
11.47664,-4.83109,4
23.3995,3.305827,4
35.41238,11.50419,4
41.41837,15.60306,4
41.41837,15.60306,4
41.41837,15.60306,4
41.41837,15.60306,4
41.41837,15.60306,4
41.41837,15.60306,4
41.567,15.70449,4
41.71098,15.80275,4
41.90157,15.93283,4
41.90157,15.93283,4
41.90157,15.93283,4
41.90157,15.93283,4
41.90157,15.93283,4
41.90157,15.93283,4
41.90157,15.93283,4
41.90157,15.93283,4
41.90157,15.93283,4
42.09729,16.06639,4
28.76836,11.99165,4
14.89666,7.750998,4
26.62799,14.09384,4
32.75211,17.33879,4
32.93974,17.43821,4
32.93974,17.43821,4
32.93974,17.43821,4
32.93974,17.43821,4
32.93974,17.43821,4
32.93974,17.43821,4
32.93974,17.43821,4
32.93974,17.43821,4
33.23509,17.5947,4
33.39859,17.68134,4
33.65098,17.81507,4
33.65098,17.81507,4
33.65098,17.81507,4
33.65098,17.81507,4
33.65098,17.81507,4
33.65098,17.81507,4
33.65098,17.81507,4
33.65098,17.81507,4
33.65098,17.81507,4
33.81913,17.90417,4
20.37696,12.63932,4
6.944113,7.37812,4
20.73813,10.13692,4
23.57975,10.71239,4
23.57975,10.71239,4
23.57975,10.71239,4
23.57975,10.71239,4
23.57975,10.71239,4
23.57975,10.71239,4
23.57975,10.71239,4
23.57975,10.71239,4
23.57975,10.71239,4
23.74516,10.74588,4
23.91111,10.77949,4
24.05629,10.80889,4
24.05629,10.80889,4
24.05629,10.80889,4
24.05629,10.80889,4
24.05629,10.80889,4
24.05629,10.80889,4
24.05629,10.80889,4
24.05629,10.80889,4
24.05629,10.80889,4
24.26827,10.85182,4
24.49272,10.89727,4
24.49272,10.89727,4
24.49272,10.89727,4
24.76632,10.95268,4
24.76632,10.95268,4
24.76632,10.95268,4
24.76632,10.95268,4
24.76632,10.95268,4
24.76632,10.95268,4
24.76632,10.95268,4
24.76632,10.95268,4
24.76632,10.95268,4
24.93204,10.98624,4
25.08755,11.01773,4
25.08755,11.01773,4
25.08755,11.01773,4
25.08755,11.01773,4
24.90697,10.98116,4
25.0755,11.01529,4
22.3252,-3.081861,4
20.26554,-13.63894,4
20.26554,-13.63894,4
20.26554,-13.63894,4
30.7023,-3.978153,4
33.90775,-1.011045,4
33.90775,-1.011045,4
33.90775,-1.011045,4
33.90775,-1.011045,4
33.90775,-1.011045,4
34.05311,-0.8764905,4
34.05311,-0.8764905,4
34.05311,-0.8764905,4
34.05311,-0.8764905,4
34.05311,-0.8764905,4
34.05311,-0.8764905,4
34.05311,-0.8764905,4
34.05311,-0.8764905,4
34.17673,-0.7620601,4
34.32146,-0.6280943,4
34.32146,-0.6280943,4
34.32146,-0.6280943,4
34.45545,-0.504069,4
34.57703,-0.3915254,4
34.1214,-5.609714,4
34.1214,-5.609714,4
34.78402,-1.378977,4
34.813,-1.193981,4
34.85086,-0.9522225,4
34.85086,-0.9522225,4
34.85086,-0.9522225,4
34.85086,-0.9522225,4
34.89274,-0.6848519,4
34.89274,-0.6848519,4
34.89274,-0.6848519,4
34.89274,-0.6848519,4
34.89274,-0.6848519,4
34.89274,-0.6848519,4
34.89274,-0.6848519,4
34.89274,-0.6848519,4
34.89274,-0.6848519,4
34.91876,-0.5187085,4
34.94344,-0.3611609,4
34.96431,-0.2278532,4
34.99127,-0.05575666,4
34.99127,-0.05575666,4
34.99127,-0.05575666,4
34.99127,-0.05575666,4
34.99127,-0.05575666,4
34.99127,-0.05575666,4
34.99127,-0.05575666,4
34.99127,-0.05575666,4
34.99127,-0.05575666,4
35.02897,0.1850006,4
20.70921,-0.4163703,4
6.208909,-1.025323,4
18.35906,5.237526,4
31.37427,11.7132,4
40.72105,16.36366,4
40.72105,16.36366,4
40.72105,16.36366,4
40.72105,16.36366,4
40.72105,16.36366,4
40.72105,16.36366,4
40.72105,16.36366,4
40.87233,16.43893,4
41.02576,16.51527,4
41.39688,16.69992,4
41.60773,16.80483,4
41.60773,16.80483,4
41.60773,16.80483,4
41.60773,16.80483,4
41.60773,16.80483,4
41.60773,16.80483,4
41.60773,16.80483,4
41.60773,16.80483,4
41.60773,16.80483,4
41.85059,16.92566,4
29.53408,12.96481,4
15.79714,8.547174,4
23.62102,8.071767,4
23.62102,8.071767,4
23.62102,8.071767,4
23.62102,8.071767,4
23.62102,8.071767,4
23.62102,8.071767,4
23.62102,8.071767,4
23.62102,8.071767,4
23.62102,8.071767,4
23.836,8.060578,4
24.0666,8.048577,4
24.0666,8.048577,4
24.0666,8.048577,4
24.0666,8.048577,4
24.2658,8.03821,4
24.47692,8.027223,4
24.47692,8.027223,4
24.47692,8.027223,4
24.47692,8.027223,4
24.71246,8.014965,4
24.95134,8.002532,4
10.96773,4.668395,4
-3.093684,1.315707,4
10.06382,6.186078,4
23.6298,11.18142,4
32.63774,14.49837,4
32.63774,14.49837,4
32.63774,14.49837,4
32.63774,14.49837,4
32.63774,14.49837,4
32.63774,14.49837,4
32.63774,14.49837,4
32.63774,14.49837,4
32.80939,14.56158,4
33.10992,14.67224,4
33.43332,14.79133,4
33.43332,14.79133,4
33.43332,14.79133,4
33.43332,14.79133,4
33.43332,14.79133,4
33.43332,14.79133,4
33.43332,14.79133,4
33.43332,14.79133,4
33.43332,14.79133,4
33.67155,14.87906,4
33.94234,14.97877,4
33.94234,14.97877,4
33.94234,14.97877,4
34.20653,15.07605,4
34.20653,15.07605,4
34.20653,15.07605,4
34.20653,15.07605,4
34.20653,15.07605,4
34.20653,15.07605,4
34.20653,15.07605,4
34.20653,15.07605,4
34.20653,15.07605,4
34.04487,15.01652,4
33.76432,14.91322,4
33.94526,14.97984,4
33.94526,14.97984,4
33.94526,14.97984,4
33.94526,14.97984,4
33.94526,14.97984,4
33.94526,14.97984,4
33.94526,14.97984,4
33.94526,14.97984,4
33.94526,14.97984,4
34.14104,15.05193,4
20.63477,10.54854,4
6.885943,5.964278,4
20.33131,3.707169,4
34.75654,1.496955,4
36.64921,1.206963,4
36.64921,1.206963,4
36.64921,1.206963,4
36.64921,1.206963,4
36.64921,1.206963,4
36.64921,1.206963,4
36.64921,1.206963,4
36.64921,1.206963,4
36.83007,1.179252,4
37.10696,1.136829,4
37.27634,1.110877,4
37.27634,1.110877,4
37.27634,1.110877,4
37.44989,1.084286,4
37.44989,1.084286,4
37.44989,1.084286,4
37.44989,1.084286,4
37.44989,1.084286,4
37.44989,1.084286,4
37.44989,1.084286,4
37.44989,1.084286,4
37.44989,1.084286,4
37.82451,1.026888,4
38.12495,0.9808555,4
38.12495,0.9808555,4
38.12495,0.9808555,4
38.12495,0.9808555,4
38.12495,0.9808555,4
38.12495,0.9808555,4
38.12495,0.9808555,4
38.12495,0.9808555,4
38.12495,0.9808555,4
37.81819,1.027856,4
38.26891,0.9587989,4
37.97578,1.00371,4
38.4801,0.9264449,4
38.4801,0.9264449,4
38.16007,0.9754753,4
38.16007,0.9754753,4
38.16007,0.9754753,4
38.16007,0.9754753,4
37.91402,1.013172,4
23.61791,0.2287337,4
9.186462,-0.5631302,4
-1.566875,-10.14356,4
-6.94013,-15.03514,4
-6.94013,-15.03514,4
-6.94013,-15.03514,4
-6.94013,-15.03514,4
-7.10687,-15.18693,4
-7.10687,-15.18693,4
-7.10687,-15.18693,4
-7.10687,-15.18693,4
-7.10687,-15.18693,4
-7.10687,-15.18693,4
-7.10687,-15.18693,4
-7.10687,-15.18693,4
-7.243305,-15.31114,4
-7.390611,-15.44524,4
-7.390611,-15.44524,4
-7.390611,-15.44524,4
-7.390611,-15.44524,4
-7.390611,-15.44524,4
-7.390611,-15.44524,4
-7.390611,-15.44524,4
-7.390611,-15.44524,4
-7.390611,-15.44524,4
-7.632496,-15.66544,4
-7.844993,-15.85889,4
-8.166291,-16.15138,4
-7.887902,-15.89795,4
-7.887902,-15.89795,4
-7.887902,-15.89795,4
-7.887902,-15.89795,4
-7.887902,-15.89795,4
-7.887902,-15.89795,4
-7.887902,-15.89795,4
-7.887902,-15.89795,4
-7.887902,-15.89795,4
-7.887902,-15.89795,4
-8.24532,-16.22333,4
-8.104486,-16.09512,4
-7.923499,-15.93036,4
-7.923499,-15.93036,4
-7.923499,-15.93036,4
-11.08499,-2.272826,4
-12.69743,4.692899,4
-12.69743,4.692899,4
-12.69743,4.692899,4
-12.69743,4.692899,4
-12.69743,4.692899,4
-12.69743,4.692899,4
-12.69743,4.692899,4
-12.69743,4.692899,4
-12.69743,4.692899,4
-12.77903,5.045419,4
-12.77903,5.045419,4
-12.77903,5.045419,4
-12.77903,5.045419,4
-12.77903,5.045419,4
-12.77903,5.045419,4
-12.77903,5.045419,4
-12.77903,5.045419,4
-12.77903,5.045419,4
-12.81686,5.208834,4
-12.85611,5.378402,4
-12.94272,5.752553,4
-12.94272,5.752553,4
-12.94272,5.752553,4
-12.94272,5.752553,4
-12.94272,5.752553,4
-12.94272,5.752553,4
-12.94272,5.752553,4
-12.94272,5.752553,4
-12.94272,5.752553,4
-13.00825,6.035658,4
-12.9433,5.755053,4
-12.9433,5.755053,4
-12.9433,5.755053,4
-13.01218,6.052627,4
-13.01218,6.052627,4
-13.01218,6.052627,4
-13.01218,6.052627,4
-13.01218,6.052627,4
-13.01218,6.052627,4
-13.01218,6.052627,4
-13.01218,6.052627,4
-13.01218,6.052627,4
-12.9527,5.795664,4
-13.00242,6.010434,4
-12.95611,5.810435,4
-12.95611,5.810435,4
-12.95611,5.810435,4
1.377997,7.197723,4
15.7963,8.593159,4
18.51012,8.855808,4
18.51012,8.855808,4
18.51012,8.855808,4
18.51012,8.855808,4
18.51012,8.855808,4
18.51012,8.855808,4
18.51012,8.855808,4
18.51012,8.855808,4
18.51012,8.855808,4
18.87661,8.891277,4
19.20974,8.923518,4
19.20974,8.923518,4
19.20974,8.923518,4
19.20974,8.923518,4
19.20974,8.923518,4
19.20974,8.923518,4
19.20974,8.923518,4
19.20974,8.923518,4
19.55115,8.95656,4
19.74614,8.97543,4
19.91848,8.99211,4
19.91848,8.99211,4
19.91848,8.99211,4
19.91848,8.99211,4
19.91848,8.99211,4
19.91848,8.99211,4
19.91848,8.99211,4
19.91848,8.99211,4
19.91848,8.99211,4
20.20092,9.019444,4
19.97427,8.99751,4
19.97427,8.99751,4
20.257,9.024873,4
20.257,9.024873,4
20.257,9.024873,4
20.257,9.024873,4
20.257,9.024873,4
20.257,9.024873,4
20.257,9.024873,4
20.257,9.024873,4
20.257,9.024873,4
20.08062,9.007803,4
19.79976,8.98062,4
20.09545,9.009238,4
20.09545,9.009238,4
20.09545,9.009238,4
20.09545,9.009238,4
20.09545,9.009238,4
20.09545,9.009238,4
20.09545,9.009238,4
20.09545,9.009238,4
20.09545,9.009238,4
19.85401,8.98587,4
20.12252,9.011858,4
29.16896,-1.425945,4
33.1464,-6.015129,4
30.33488,-16.72449,4
30.33488,-16.72449,4
30.33488,-16.72449,4
30.33488,-16.72449,4
30.33488,-16.72449,4
30.33488,-16.72449,4
30.33488,-16.72449,4
30.33488,-16.72449,4
30.33488,-16.72449,4
30.28521,-16.91366,4
30.24179,-17.07904,4
30.16208,-17.38267,4
30.16208,-17.38267,4
30.16208,-17.38267,4
30.10908,-17.58452,4
30.10908,-17.58452,4
30.10908,-17.58452,4
30.10908,-17.58452,4
30.10908,-17.58452,4
30.10908,-17.58452,4
30.10908,-17.58452,4
30.10908,-17.58452,4
30.10908,-17.58452,4
30.02498,-17.90487,4
29.96499,-18.13333,4
29.96499,-18.13333,4
29.96499,-18.13333,4
29.96499,-18.13333,4
29.96499,-18.13333,4
29.96499,-18.13333,4
29.96499,-18.13333,4
29.96499,-18.13333,4
29.96499,-18.13333,4
30.01525,-17.94192,4
29.95907,-18.15587,4
30.00464,-17.98233,4
30.00464,-17.98233,4
30.00464,-17.98233,4
30.00464,-17.98233,4
30.00464,-17.98233,4
30.00464,-17.98233,4
30.00464,-17.98233,4
30.00464,-17.98233,4
30.00464,-17.98233,4
29.94265,-18.21844,4
30.01407,-17.94639,4
30.01407,-17.94639,4
30.01407,-17.94639,4
29.92262,-18.29475,4
29.92262,-18.29475,4
29.92262,-18.29475,4
29.92262,-18.29475,4
29.92262,-18.29475,4
29.92262,-18.29475,4
29.92262,-18.29475,4
29.92262,-18.29475,4
29.92262,-18.29475,4
29.96824,-18.12095,4
30.01044,-17.96023,4
30.01044,-17.96023,4
30.01044,-17.96023,4
30.01044,-17.96023,4
29.96297,-18.14105,4
30.01048,-17.96008,4
30.01048,-17.96008,4
30.01048,-17.96008,4
30.01048,-17.96008,4
30.01048,-17.96008,4
30.01048,-17.96008,4
30.01048,-17.96008,4
30.01048,-17.96008,4
30.01048,-17.96008,4
29.93433,-18.25013,4
30.00854,-17.96746,4
30.00854,-17.96746,4
30.00854,-17.96746,4
30.00854,-17.96746,4
30.00854,-17.96746,4
30.00854,-17.96746,4
30.00854,-17.96746,4
30.00854,-17.96746,4
29.95875,-18.15713,4
30.01723,-17.93435,4
29.9336,-18.25292,4
29.98989,-18.03851,4
29.98989,-18.03851,4
29.98989,-18.03851,4
29.98989,-18.03851,4
29.98989,-18.03851,4
29.98989,-18.03851,4
29.98989,-18.03851,4
29.98989,-18.03851,4
29.98989,-18.03851,4
30.06159,-17.76539,4
29.23571,-3.437711,4
28.40061,11.05,4
28.08579,16.51173,4
28.08579,16.51173,4
28.08579,16.51173,4
28.08579,16.51173,4
28.08579,16.51173,4
28.08579,16.51173,4
28.08579,16.51173,4
28.08579,16.51173,4
28.08579,16.51173,4
28.07502,16.6985,4
28.06232,16.91885,4
28.0534,17.07353,4
28.0534,17.07353,4
28.0534,17.07353,4
28.0534,17.07353,4
28.0534,17.07353,4
28.0534,17.07353,4
28.0534,17.07353,4
28.0534,17.07353,4
28.0534,17.07353,4
28.03898,17.32367,4
28.01872,17.67521,4
28.01872,17.67521,4
28.01872,17.67521,4
27.99866,18.02316,4
27.99866,18.02316,4
27.99866,18.02316,4
27.99866,18.02316,4
27.99866,18.02316,4
27.99866,18.02316,4
27.99866,18.02316,4
27.99866,18.02316,4
27.99866,18.02316,4
28.00978,17.83029,4
27.99937,18.01088,4
28.01266,17.78059,4
28.01266,17.78059,4
28.01266,17.78059,4
28.01266,17.78059,4
28.01266,17.78059,4
28.01266,17.78059,4
28.01266,17.78059,4
28.01266,17.78059,4
28.01266,17.78059,4
27.99941,18.01025,4
16.70868,9.282859,4
5.222323,0.4042439,4
-6.306208,-8.506975,4
-14.91294,-15.15973,4
-14.91294,-15.15973,4
-12.61623,-1.060607,4
-10.28502,13.25034,4
-10.23688,13.54582,4
-10.23688,13.54582,4
-10.23688,13.54582,4
-10.23688,13.54582,4
-10.23688,13.54582,4
-10.23688,13.54582,4
-10.20603,13.73522,4
-10.17441,13.92936,4
-10.15016,14.07822,4
-10.15016,14.07822,4
-10.15016,14.07822,4
-10.15016,14.07822,4
-10.15016,14.07822,4
-10.15016,14.07822,4
-10.15016,14.07822,4
-10.15016,14.07822,4
-10.15016,14.07822,4
-10.1008,14.38118,4
2.880687,8.087426,4
15.86965,1.790048,4
5.623555,-8.092484,4
-4.899762,-17.96754,4
-5.110717,-18.1655,4
-5.110717,-18.1655,4
-5.110717,-18.1655,4
-5.110717,-18.1655,4
-5.110717,-18.1655,4
-5.110717,-18.1655,4
-5.110717,-18.1655,4
-5.110717,-18.1655,4
-5.240182,-18.28699,4
-5.437538,-18.47219,4
-5.437538,-18.47219,4
-5.437538,-18.47219,4
-5.437538,-18.47219,4
-5.437538,-18.47219,4
-5.437538,-18.47219,4
-5.437538,-18.47219,4
-5.437538,-18.47219,4
-5.437538,-18.47219,4
-5.844359,-18.85395,4
-6.039504,-19.03707,4
-6.039504,-19.03707,4
-6.039504,-19.03707,4
-5.792007,-18.80482,4
-5.792007,-18.80482,4
-5.792007,-18.80482,4
-5.792007,-18.80482,4
-5.792007,-18.80482,4
-5.792007,-18.80482,4
-5.792007,-18.80482,4
-5.792007,-18.80482,4
-5.792007,-18.80482,4
-5.927309,-18.93179,4
-6.250183,-19.23476,4
-6.061873,-19.05806,4
-6.061873,-19.05806,4
-6.061873,-19.05806,4
-6.061873,-19.05806,4
-6.061873,-19.05806,4
-6.061873,-19.05806,4
-6.061873,-19.05806,4
-6.061873,-19.05806,4
-6.061873,-19.05806,4
-5.887818,-18.89473,4
-4.397083,-5.131356,4
-11.22157,7.101266,4
-15.16205,12.79024,4
-15.16205,12.79024,4
-15.16205,12.79024,4
-15.74439,-1.658056,4
-16.04172,-9.035006,4
-16.04172,-9.035006,4
-16.04172,-9.035006,4
-16.04172,-9.035006,4
-16.04172,-9.035006,4
-16.04172,-9.035006,4
-16.04172,-9.035006,4
-16.0349,-8.865905,4
-16.02829,-8.701857,4
-16.02829,-8.701857,4
-16.02829,-8.701857,4
-16.02829,-8.701857,4
-16.02829,-8.701857,4
-16.02829,-8.701857,4
-16.02829,-8.701857,4
-16.02829,-8.701857,4
-16.02829,-8.701857,4
-16.01877,-8.465798,4
-16.00765,-8.189725,4
-15.99299,-7.826103,4
-15.99299,-7.826103,4
-16.0047,-8.116541,4
-16.0047,-8.116541,4
-16.0047,-8.116541,4
-16.0047,-8.116541,4
-16.0047,-8.116541,4
-16.0047,-8.116541,4
-16.0047,-8.116541,4
-16.0047,-8.116541,4
-16.0047,-8.116541,4
-15.99531,-7.883589,4
-16.00459,-8.114015,4
-15.99525,-7.882029,4
-15.99525,-7.882029,4
-15.99525,-7.882029,4
-16.00274,-8.067998,4
-16.00274,-8.067998,4
-16.00274,-8.067998,4
-16.00274,-8.067998,4
-16.00274,-8.067998,4
-16.00274,-8.067998,4
-16.00274,-8.067998,4
-16.00274,-8.067998,4
-16.00274,-8.067998,4
-15.98837,-7.711414,4
-16.00217,-8.05393,4
-16.00217,-8.05393,4
-16.00217,-8.05393,4
-16.00217,-8.05393,4
-16.00217,-8.05393,4
-16.00217,-8.05393,4
-16.00217,-8.05393,4
-16.00217,-8.05393,4
-16.00217,-8.05393,4
-15.99492,-7.874093,4
-16.00318,-8.078921,4
-15.99507,-7.877746,4
-16.00342,-8.084862,4
-16.00342,-8.084862,4
-15.99408,-7.853216,4
-15.99408,-7.853216,4
-15.99408,-7.853216,4
-15.99408,-7.853216,4
-15.99408,-7.853216,4
-15.99408,-7.853216,4
-15.99408,-7.853216,4
-15.99408,-7.853216,4
-15.99408,-7.853216,4
-16.00975,-8.24187,4
-15.99763,-7.941304,4
-15.99763,-7.941304,4
-15.99763,-7.941304,4
-15.99763,-7.941304,4
-15.99763,-7.941304,4
-15.99763,-7.941304,4
-15.99763,-7.941304,4
-15.99763,-7.941304,4
-15.99763,-7.941304,4
-16.00552,-8.136856,4
-15.9946,-7.866001,4
-16.00319,-8.07914,4
-15.99367,-7.842968,4
-15.99367,-7.842968,4
-8.966132,4.633027,4
-2.726917,15.70951,4
-2.726917,15.70951,4
-2.726917,15.70951,4
8.340236,6.671533,4
19.62576,-2.544763,4
30.89833,-11.75049,4
39.83913,-19.052,4
39.83913,-19.052,4
39.83913,-19.052,4
39.83913,-19.052,4
39.83913,-19.052,4
40.00751,-19.1895,4
40.00751,-19.1895,4
40.00751,-19.1895,4
40.00751,-19.1895,4
40.00751,-19.1895,4
40.00751,-19.1895,4
40.00751,-19.1895,4
40.00751,-19.1895,4
40.19968,-19.34643,4
40.59747,-19.67128,4
40.85616,-19.88254,4
40.85616,-19.88254,4
40.85616,-19.88254,4
40.85616,-19.88254,4
40.85616,-19.88254,4
40.85616,-19.88254,4
40.85616,-19.88254,4
40.85616,-19.88254,4
40.85616,-19.88254,4
41.06461,-20.05276,4
40.80386,-19.83983,4
40.80386,-19.83983,4
41.15968,-20.13039,4
41.15968,-20.13039,4
41.15968,-20.13039,4
41.15968,-20.13039,4
41.15968,-20.13039,4
41.15968,-20.13039,4
41.15968,-20.13039,4
41.15968,-20.13039,4
41.15968,-20.13039,4
40.99566,-19.99645,4
41.16721,-20.13658,4
40.95144,-19.96033,4
40.95144,-19.96033,4
40.95144,-19.96033,4
40.95144,-19.96033,4
40.95144,-19.96033,4
40.95144,-19.96033,4
40.95144,-19.96033,4
40.95144,-19.96033,4
40.95144,-19.96033,4
41.1407,-20.11493,4
40.91403,-19.92978,4
41.18265,-20.14919,4
41.18265,-20.14919,4
40.37515,-19.48962,4
40.37515,-19.48962,4
40.55553,-19.63696,4
40.55553,-19.63696,4
40.55553,-19.63696,4
40.55553,-19.63696,4
40.55553,-19.63696,4
40.55553,-19.63696,4
40.55553,-19.63696,4
40.55553,-19.63696,4
40.76732,-19.80995,4
40.97697,-19.98119,4
40.97697,-19.98119,4
40.97697,-19.98119,4
40.97697,-19.98119,4
40.97697,-19.98119,4
40.97697,-19.98119,4
40.97697,-19.98119,4
40.97697,-19.98119,4
40.97697,-19.98119,4
41.14184,-20.11585,4
27.85015,-15.97443,4
14.06761,-11.68006,4
26.84391,-14.51225,4
27.71231,-14.7087,4
27.71231,-14.7087,4
27.93228,-14.75846,4
27.93228,-14.75846,4
27.93228,-14.75846,4
27.93228,-14.75846,4
27.93228,-14.75846,4
27.93228,-14.75846,4
27.93228,-14.75846,4
27.93228,-14.75846,4
28.10615,-14.79779,4
28.28799,-14.83893,4
28.28799,-14.83893,4
28.28799,-14.83893,4
28.28799,-14.83893,4
28.28799,-14.83893,4
28.28799,-14.83893,4
28.28799,-14.83893,4
28.28799,-14.83893,4
28.28799,-14.83893,4
28.53418,-14.89462,4
29.15072,-15.0341,4
28.7464,-14.94263,4
28.7464,-14.94263,4
29.26404,-15.05973,4
29.26404,-15.05973,4
29.26404,-15.05973,4
29.26404,-15.05973,4
29.26404,-15.05973,4
29.26404,-15.05973,4
29.26404,-15.05973,4
29.26404,-15.05973,4
29.26404,-15.05973,4
29.0295,-15.00667,4
28.84471,-14.96487,4
29.04573,-15.01035,4
29.04573,-15.01035,4
29.04573,-15.01035,4
29.04573,-15.01035,4
29.04573,-15.01035,4
29.04573,-15.01035,4
29.04573,-15.01035,4
29.04573,-15.01035,4
29.04573,-15.01035,4
28.77633,-14.9494,4
14.95597,-11.03984,4
0.9772919,-7.085488,4
-12.72133,-6.080354,4
-13.05476,-6.059401,4
-13.26591,-6.046132,4
-13.26591,-6.046132,4
-13.26591,-6.046132,4
-13.26591,-6.046132,4
-13.26591,-6.046132,4
-13.26591,-6.046132,4
-13.26591,-6.046132,4
-13.26591,-6.046132,4
-13.71478,-6.017924,4
-14.03284,-5.997936,4
-13.78642,-6.013423,4
-13.78642,-6.013423,4
-13.78642,-6.013423,4
-13.78642,-6.013423,4
-13.78642,-6.013423,4
-13.78642,-6.013423,4
-13.78642,-6.013423,4
-13.78642,-6.013423,4
-13.78642,-6.013423,4
-14.1894,-5.988096,4
-13.73107,-6.016902,4
-13.73107,-6.016902,4
-13.73107,-6.016902,4
-14.17267,-5.989147,4
-14.17267,-5.989147,4
-14.17267,-5.989147,4
-14.17267,-5.989147,4
-14.17267,-5.989147,4
-14.17267,-5.989147,4
-14.17267,-5.989147,4
-14.17267,-5.989147,4
-14.17267,-5.989147,4
-13.99795,-6.000129,4
-14.17093,-5.989243,4
-13.98419,-6.000995,4
-13.98419,-6.000995,4
-13.98419,-6.000995,4
-13.98419,-6.000995,4
-13.98419,-6.000995,4
-13.98419,-6.000995,4
-13.98419,-6.000995,4
-13.98419,-6.000995,4
-13.98419,-6.000995,4
-14.203,-5.987223,4
-1.241261,-11.96616,4
-4.876991,1.306212,4
-8.604874,13.68766,4
-8.604874,13.68766,4
-8.604874,13.68766,4
-8.604874,13.68766,4
-8.604874,13.68766,4
-8.604874,13.68766,4
-8.604874,13.68766,4
-8.604874,13.68766,4
-8.604874,13.68766,4
-8.604874,13.68766,4
-8.667784,13.89661,4
-8.729957,14.1031,4
-8.810987,14.37223,4
-8.810987,14.37223,4
-8.810987,14.37223,4
-8.810987,14.37223,4
-8.810987,14.37223,4
-8.810987,14.37223,4
-8.810987,14.37223,4
-8.810987,14.37223,4
-8.810987,14.37223,4
-8.876847,14.59097,4
-8.939381,14.79866,4
-8.939381,14.79866,4
-8.939381,14.79866,4
-9.025071,15.08327,4
-9.025071,15.08327,4
-9.025071,15.08327,4
-9.025071,15.08327,4
-9.025071,15.08327,4
-9.025071,15.08327,4
-9.025071,15.08327,4
-9.025071,15.08327,4
-9.025071,15.08327,4
-8.964815,14.88314,4
-9.017867,15.05934,4
-8.933079,14.77773,4
-8.933079,14.77773,4
-8.933079,14.77773,4
-8.992984,14.9767,4
-8.992984,14.9767,4
-8.992984,14.9767,4
-8.992984,14.9767,4
-8.992984,14.9767,4
-8.992984,14.9767,4
-8.992984,14.9767,4
-8.992984,14.9767,4
-8.992984,14.9767,4
-9.10051,15.33381,4
-9.004338,15.01441,4
-9.004338,15.01441,4
-9.004338,15.01441,4
-9.004338,15.01441,4
-9.004338,15.01441,4
-9.004338,15.01441,4
-9.004338,15.01441,4
-9.004338,15.01441,4
-9.004338,15.01441,4
-8.87703,14.59157,4
-8.953376,14.84514,4
-9.039631,15.13163,4
-9.039631,15.13163,4
-9.039631,15.13163,4
-9.039631,15.13163,4
-9.039631,15.13163,4
-9.039631,15.13163,4
-9.039631,15.13163,4
-9.039631,15.13163,4
-9.039631,15.13163,4
-8.972408,14.90835,4
5.377698,13.71435,4
19.83094,12.51176,4
34.33063,11.30531,4
36.56678,11.11925,4
36.56678,11.11925,4
36.56678,11.11925,4
36.56678,11.11925,4
36.56678,11.11925,4
36.56678,11.11925,4
36.56678,11.11925,4
36.56678,11.11925,4
36.56678,11.11925,4
36.75685,11.10344,4
36.96065,11.08648,4
37.19399,11.06707,4
37.19399,11.06707,4
37.19399,11.06707,4
37.19399,11.06707,4
37.19399,11.06707,4
37.19399,11.06707,4
37.19399,11.06707,4
37.19399,11.06707,4
37.19399,11.06707,4
37.4341,11.04709,4
37.71437,11.02377,4
34.55225,-2.173917,4
31.30835,-15.71309,4
31.30835,-15.71309,4
31.30835,-15.71309,4
31.30835,-15.71309,4
31.30835,-15.71309,4
31.30835,-15.71309,4
31.30835,-15.71309,4
31.30835,-15.71309,4
31.30835,-15.71309,4
31.30835,-15.71309,4
31.26316,-15.90166,4
31.2203,-16.08054,4
31.15293,-16.36175,4
31.15293,-16.36175,4
31.15293,-16.36175,4
31.15293,-16.36175,4
31.15293,-16.36175,4
31.15293,-16.36175,4
31.15293,-16.36175,4
31.15293,-16.36175,4
31.15293,-16.36175,4
31.09941,-16.58511,4
31.03722,-16.84465,4
30.96741,-17.136,4
30.96741,-17.136,4
31.0334,-16.86058,4
31.0334,-16.86058,4
31.0334,-16.86058,4
31.0334,-16.86058,4
31.0334,-16.86058,4
31.0334,-16.86058,4
31.0334,-16.86058,4
31.0334,-16.86058,4
31.0334,-16.86058,4
30.98826,-17.04898,4
31.02698,-16.88739,4
30.95967,-17.16832,4
30.95967,-17.16832,4
30.95967,-17.16832,4
30.95967,-17.16832,4
30.95967,-17.16832,4
30.95967,-17.16832,4
30.95967,-17.16832,4
30.95967,-17.16832,4
30.95967,-17.16832,4
31.01638,-16.93165,4
30.96214,-17.15801,4
30.96214,-17.15801,4
30.96214,-17.15801,4
31.03088,-16.87113,4
31.03088,-16.87113,4
31.03088,-16.87113,4
31.03088,-16.87113,4
31.03088,-16.87113,4
31.03088,-16.87113,4
31.03088,-16.87113,4
31.03088,-16.87113,4
31.03088,-16.87113,4
30.98829,-17.04888,4
31.05613,-16.76577,4
31.00482,-16.97987,4
31.00482,-16.97987,4
31.00482,-16.97987,4
31.00482,-16.97987,4
31.00482,-16.97987,4
31.00482,-16.97987,4
31.00482,-16.97987,4
31.00482,-16.97987,4
31.00482,-16.97987,4
30.94217,-17.24139,4
31.00343,-16.98569,4
33.62567,-8.247431,4
33.62567,-8.247431,4
27.25673,4.488085,4
23.59416,11.81187,4
23.59416,11.81187,4
23.59416,11.81187,4
23.59416,11.81187,4
23.59416,11.81187,4
23.59416,11.81187,4
23.59416,11.81187,4
23.59416,11.81187,4
23.50804,11.98409,4
23.43327,12.13361,4
23.34883,12.30246,4
23.34883,12.30246,4
23.34883,12.30246,4
23.34883,12.30246,4
23.34883,12.30246,4
23.34883,12.30246,4
23.34883,12.30246,4
23.34883,12.30246,4
23.34883,12.30246,4
23.23203,12.53602,4
23.12691,12.74623,4
23.12691,12.74623,4
23.12691,12.74623,4
23.0102,12.9796,4
23.0102,12.9796,4
23.0102,12.9796,4
23.0102,12.9796,4
23.0102,12.9796,4
23.0102,12.9796,4
23.0102,12.9796,4
23.0102,12.9796,4
23.0102,12.9796,4
22.9259,13.14819,4
23.00087,12.99825,4
23.00087,12.99825,4
23.00087,12.99825,4
23.00087,12.99825,4
22.91236,13.17528,4
22.91236,13.17528,4
22.91236,13.17528,4
22.91236,13.17528,4
22.91236,13.17528,4
22.91236,13.17528,4
22.91236,13.17528,4
22.91236,13.17528,4
22.91236,13.17528,4
23.06745,12.86511,4
22.93256,13.13488,4
22.93256,13.13488,4
22.93256,13.13488,4
22.93256,13.13488,4
22.93256,13.13488,4
22.93256,13.13488,4
22.93256,13.13488,4
22.93256,13.13488,4
22.93256,13.13488,4
23.01352,12.97296,4
22.93516,13.12967,4
23.06539,12.86921,4
23.06539,12.86921,4
23.06539,12.86921,4
23.06539,12.86921,4
23.06539,12.86921,4
23.06539,12.86921,4
23.06539,12.86921,4
23.06539,12.86921,4
23.06539,12.86921,4
22.96549,13.06903,4
9.600148,8.029608,4
-3.914366,2.933947,4
-6.529608,-11.25206,4
-6.785425,-12.7465,4
-6.816416,-12.92754,4
-6.846147,-13.10122,4
-6.846147,-13.10122,4
-6.846147,-13.10122,4
-6.846147,-13.10122,4
-6.846147,-13.10122,4
-6.846147,-13.10122,4
-6.846147,-13.10122,4
-6.846147,-13.10122,4
-6.897455,-13.40095,4
-6.925922,-13.56725,4
-6.953939,-13.73092,4
-6.953939,-13.73092,4
-6.953939,-13.73092,4
-6.953939,-13.73092,4
-6.953939,-13.73092,4
-6.953939,-13.73092,4
-6.953939,-13.73092,4
-6.953939,-13.73092,4
-6.953939,-13.73092,4
-6.999493,-13.99704,4
-16.13538,-3.037235,4
-16.13538,-3.037235,4
-13.43284,5.614347,4
-13.43284,5.614347,4
-13.43284,5.614347,4
-13.43284,5.614347,4
-13.43284,5.614347,4
-13.43284,5.614347,4
-13.43284,5.614347,4
-13.43284,5.614347,4
-13.43284,5.614347,4
-13.37573,5.797182,4
-13.32004,5.97546,4
-13.23143,6.25913,4
-13.23143,6.25913,4
-13.23143,6.25913,4
-13.23143,6.25913,4
-13.23143,6.25913,4
-13.23143,6.25913,4
-13.23143,6.25913,4
-13.23143,6.25913,4
-13.23143,6.25913,4
-13.15915,6.490511,4
-13.07092,6.772979,4
-13.07092,6.772979,4
-13.07092,6.772979,4
-12.98884,7.035737,4
-12.98884,7.035737,4
-12.98884,7.035737,4
-12.98884,7.035737,4
-12.98884,7.035737,4
-12.98884,7.035737,4
-12.98884,7.035737,4
-12.98884,7.035737,4
-12.98884,7.035737,4
-13.04267,6.863404,4
-12.98674,7.042442,4
-12.98674,7.042442,4
-12.98674,7.042442,4
-12.98674,7.042442,4
-13.04641,6.851415,4
-13.04641,6.851415,4
-13.04641,6.851415,4
-13.04641,6.851415,4
-13.04641,6.851415,4
-13.04641,6.851415,4
-13.04641,6.851415,4
-13.04641,6.851415,4
-13.04641,6.851415,4
-12.94088,7.189287,4
-13.03074,6.901588,4
-13.03074,6.901588,4
-13.03074,6.901588,4
-13.03074,6.901588,4
-13.03074,6.901588,4
-13.03074,6.901588,4
-13.03074,6.901588,4
-13.03074,6.901588,4
-13.03074,6.901588,4
-12.98056,7.062234,4
-13.03728,6.880659,4
-12.97059,7.094137,4
-12.97059,7.094137,4
-12.97059,7.094137,4
-12.97059,7.094137,4
-12.97059,7.094137,4
-12.97059,7.094137,4
-12.97059,7.094137,4
-12.97059,7.094137,4
-12.97059,7.094137,4
-13.03021,6.903292,4
0.6172066,2.868778,4
14.57344,-1.257032,4
23.22669,10.19072,4
28.12138,16.81153,4
28.2461,16.98023,4
28.2461,16.98023,4
28.2461,16.98023,4
28.2461,16.98023,4
28.2461,16.98023,4
28.2461,16.98023,4
28.2461,16.98023,4
28.2461,16.98023,4
28.52579,17.35855,4
28.65169,17.52885,4
28.79541,17.72326,4
28.79541,17.72326,4
28.79541,17.72326,4
28.79541,17.72326,4
28.79541,17.72326,4
28.79541,17.72326,4
28.79541,17.72326,4
28.79541,17.72326,4
28.79541,17.72326,4
28.93214,17.90821,4
16.69224,12.60311,4
3.384956,6.835383,4
14.52439,-2.061048,4
25.98684,-10.98384,4
33.87768,-17.12635,4
34.00467,-17.2252,4
34.00467,-17.2252,4
34.00467,-17.2252,4
34.00467,-17.2252,4
34.00467,-17.2252,4
34.00467,-17.2252,4
34.00467,-17.2252,4
34.00467,-17.2252,4
34.20245,-17.37917,4
34.43978,-17.56391,4
34.43978,-17.56391,4
34.43978,-17.56391,4
34.43978,-17.56391,4
34.43978,-17.56391,4
34.43978,-17.56391,4
34.43978,-17.56391,4
34.43978,-17.56391,4
34.43978,-17.56391,4
34.62745,-17.71,4
34.82416,-17.86312,4
35.02889,-18.02249,4
35.02889,-18.02249,4
34.77967,-17.82849,4
34.77967,-17.82849,4
34.77967,-17.82849,4
34.77967,-17.82849,4
34.77967,-17.82849,4
34.77967,-17.82849,4
34.77967,-17.82849,4
34.77967,-17.82849,4
34.77967,-17.82849,4
34.91576,-17.93443,4
35.0668,-18.052,4
34.89262,-17.91641,4
34.89262,-17.91641,4
34.89262,-17.91641,4
34.89262,-17.91641,4
34.89262,-17.91641,4
34.89262,-17.91641,4
34.89262,-17.91641,4
34.89262,-17.91641,4
34.89262,-17.91641,4
35.05583,-18.04346,4
21.02641,-16.47303,4
6.575672,-14.85544,4
-7.886172,-13.23661,4
-8.660689,-13.14991,4
-8.660689,-13.14991,4
-8.858632,-13.12776,4
-8.858632,-13.12776,4
-8.858632,-13.12776,4
-8.858632,-13.12776,4
-8.858632,-13.12776,4
-8.858632,-13.12776,4
-8.858632,-13.12776,4
-8.858632,-13.12776,4
-9.031022,-13.10846,4
-9.244771,-13.08453,4
-9.244771,-13.08453,4
-9.244771,-13.08453,4
-9.244771,-13.08453,4
-9.244771,-13.08453,4
-9.244771,-13.08453,4
-9.244771,-13.08453,4
-9.244771,-13.08453,4
-9.244771,-13.08453,4
-9.468451,-13.0595,4
-9.748552,-13.02814,4
-9.748552,-13.02814,4
-9.748552,-13.02814,4
-10.05287,-12.99408,4
-10.05287,-12.99408,4
-10.05287,-12.99408,4
-10.05287,-12.99408,4
-10.05287,-12.99408,4
-10.05287,-12.99408,4
-10.05287,-12.99408,4
-10.05287,-12.99408,4
-10.05287,-12.99408,4
-9.862495,-13.01539,4
-10.03524,-12.99606,4
-9.822211,-13.0199,4
-9.822211,-13.0199,4
-9.822211,-13.0199,4
-9.822211,-13.0199,4
-9.822211,-13.0199,4
-9.822211,-13.0199,4
-9.822211,-13.0199,4
-9.822211,-13.0199,4
-9.822211,-13.0199,4
-10.03017,-12.99662,4
-8.503105,1.112389,4
-7.143892,13.67053,4
-7.113125,13.9548,4
-7.113125,13.9548,4
-7.113125,13.9548,4
-7.113125,13.9548,4
-7.113125,13.9548,4
-7.113125,13.9548,4
-7.113125,13.9548,4
-7.113125,13.9548,4
-7.113125,13.9548,4
-7.113125,13.9548,4
-7.095017,14.1221,4
-7.070559,14.34808,4
-7.070559,14.34808,4
-7.070559,14.34808,4
-7.070559,14.34808,4
-7.051607,14.52319,4
-7.051607,14.52319,4
-7.051607,14.52319,4
-7.051607,14.52319,4
-7.051607,14.52319,4
-7.051607,14.52319,4
-7.051607,14.52319,4
-7.051607,14.52319,4
-7.051607,14.52319,4
-7.015788,14.85414,4
-6.98582,15.13101,4
-6.98582,15.13101,4
-6.98582,15.13101,4
-6.98582,15.13101,4
-6.98582,15.13101,4
-6.98582,15.13101,4
-6.98582,15.13101,4
-6.98582,15.13101,4
-6.98582,15.13101,4
-7.005086,14.95301,4
-6.985729,15.13185,4
-7.017592,14.83747,4
-7.017592,14.83747,4
-7.017592,14.83747,4
-6.997042,15.02733,4
-6.997042,15.02733,4
-6.997042,15.02733,4
-6.997042,15.02733,4
-7.019702,14.81797,4
-6.999496,15.00466,4
-6.999496,15.00466,4
-6.999496,15.00466,4
-6.999496,15.00466,4
-6.999496,15.00466,4
-6.999496,15.00466,4
-6.999496,15.00466,4
-7.017962,14.83408,4
-7.017962,14.83408,4
-7.017962,14.83408,4
-7.017962,14.83408,4
-7.017962,14.83408,4
-7.017962,14.83408,4
-7.017962,14.83408,4
-7.017962,14.83408,4
-6.999443,15.00514,4
-7.021999,14.79685,4
-7.000488,14.99549,4
-7.000488,14.99549,4
-7.000488,14.99549,4
-7.000488,14.99549,4
-7.000488,14.99549,4
-7.000488,14.99549,4
-7.000488,14.99549,4
-7.000488,14.99549,4
-7.000488,14.99549,4
-6.967974,15.29585,4
5.62334,8.44332,4
18.35307,1.515466,4
31.40354,7.75237,4
36.76065,10.38983,4
36.90055,10.4587,4
36.90055,10.4587,4
36.90055,10.4587,4
36.90055,10.4587,4
36.90055,10.4587,4
36.90055,10.4587,4
36.90055,10.4587,4
36.90055,10.4587,4
37.05941,10.53692,4
37.22034,10.61615,4
37.39259,10.70095,4
37.39259,10.70095,4
37.55138,10.77913,4
37.55138,10.77913,4
37.55138,10.77913,4
37.55138,10.77913,4
37.73478,10.86942,4
37.93641,10.96869,4
37.93641,10.96869,4
37.93641,10.96869,4
37.93641,10.96869,4
37.93641,10.96869,4
37.93641,10.96869,4
37.93641,10.96869,4
38.11221,11.05525,4
38.11221,11.05525,4
38.11221,11.05525,4
38.11221,11.05525,4
38.11221,11.05525,4
38.11221,11.05525,4
38.11221,11.05525,4
38.11221,11.05525,4
37.95974,10.98018,4
38.18312,11.09016,4
38.03962,11.01951,4
38.03962,11.01951,4
38.03962,11.01951,4
38.03962,11.01951,4
38.03962,11.01951,4
38.03962,11.01951,4
38.03962,11.01951,4
38.03962,11.01951,4
38.03962,11.01951,4
37.82831,10.91546,4
25.28178,5.189381,4
12.03095,-0.8581319,4
23.63959,7.327233,4
34.80502,15.16153,4
34.80502,15.16153,4
34.80502,15.16153,4
34.80502,15.16153,4
34.80502,15.16153,4
34.80502,15.16153,4
34.80502,15.16153,4
34.80502,15.16153,4
34.96112,15.27106,4
35.10311,15.37068,4
35.30352,15.5113,4
35.30352,15.5113,4
35.30352,15.5113,4
35.30352,15.5113,4
35.30352,15.5113,4
35.30352,15.5113,4
35.30352,15.5113,4
35.30352,15.5113,4
35.30352,15.5113,4
35.48251,15.63689,4
22.62444,11.3159,4
8.814764,6.675121,4
-2.984998,-1.910474,4
-12.81752,-9.131577,4
-12.81752,-9.131577,4
-12.81752,-9.131577,4
-12.81752,-9.131577,4
-12.81752,-9.131577,4
-12.81752,-9.131577,4
-12.81752,-9.131577,4
-12.81752,-9.131577,4
-12.81752,-9.131577,4
-12.97622,-9.248123,4
-13.13607,-9.365525,4
-13.32547,-9.504622,4
-13.32547,-9.504622,4
-13.32547,-9.504622,4
-13.32547,-9.504622,4
-13.32547,-9.504622,4
-13.32547,-9.504622,4
-13.32547,-9.504622,4
-13.32547,-9.504622,4
-13.32547,-9.504622,4
-13.49842,-9.631632,4
-13.69886,-9.778839,4
-13.69886,-9.778839,4
-13.69886,-9.778839,4
-13.95181,-9.964611,4
-14.13679,-10.10046,4
-14.13679,-10.10046,4
-14.13679,-10.10046,4
-14.13679,-10.10046,4
-14.13679,-10.10046,4
-14.13679,-10.10046,4
-14.13679,-10.10046,4
-14.13679,-10.10046,4
-13.86584,-9.901473,4
-14.01999,-10.01468,4
-13.84322,-9.884861,4
-13.84322,-9.884861,4
-13.84322,-9.884861,4
-13.84322,-9.884861,4
-13.84322,-9.884861,4
-13.84322,-9.884861,4
-13.84322,-9.884861,4
-13.84322,-9.884861,4
-13.84322,-9.884861,4
-14.03913,-10.02873,4
-16.48204,-3.404509,4
-16.48204,-3.404509,4
-5.072793,-12.1753,4
-4.896748,-12.31063,4
-4.896748,-12.31063,4
-4.727891,-12.44044,4
-4.727891,-12.44044,4
-4.727891,-12.44044,4
-4.727891,-12.44044,4
-4.727891,-12.44044,4
-4.727891,-12.44044,4
-4.727891,-12.44044,4
-4.727891,-12.44044,4
-4.588615,-12.54751,4
-4.410813,-12.68419,4
-4.410813,-12.68419,4
-4.410813,-12.68419,4
-4.410813,-12.68419,4
-4.410813,-12.68419,4
-4.410813,-12.68419,4
-4.410813,-12.68419,4
-4.410813,-12.68419,4
-4.410813,-12.68419,4
-4.243204,-12.81304,4
-4.024631,-12.98107,4
-3.766108,-13.1798,4
-3.766108,-13.1798,4
-3.980385,-13.01508,4
-3.980385,-13.01508,4
-3.980385,-13.01508,4
-3.980385,-13.01508,4
-3.980385,-13.01508,4
-3.980385,-13.01508,4
-3.980385,-13.01508,4
-3.980385,-13.01508,4
-3.980385,-13.01508,4
-4.127574,-12.90193,4
-3.966964,-13.0254,4
-4.175585,-12.86502,4
-4.175585,-12.86502,4
-4.175585,-12.86502,4
-4.175585,-12.86502,4
-4.175585,-12.86502,4
-4.175585,-12.86502,4
-4.175585,-12.86502,4
-4.175585,-12.86502,4
-4.175585,-12.86502,4
-3.966532,-13.02573,4
9.921596,-10.82152,4
24.20236,-8.555006,4
30.22535,-16.89325,4
30.22535,-16.89325,4
30.22535,-16.89325,4
30.22535,-16.89325,4
30.22535,-16.89325,4
30.22535,-16.89325,4
30.22535,-16.89325,4
30.22535,-16.89325,4
30.22535,-16.89325,4
30.22535,-16.89325,4
30.33911,-17.05577,4
30.44192,-17.20266,4
30.55541,-17.36481,4
30.55541,-17.36481,4
30.55541,-17.36481,4
30.55541,-17.36481,4
30.55541,-17.36481,4
30.55541,-17.36481,4
30.55541,-17.36481,4
30.55541,-17.36481,4
30.55541,-17.36481,4
30.67422,-17.53455,4
30.81466,-17.7352,4
30.81466,-17.7352,4
30.81466,-17.7352,4
30.98953,-17.98504,4
30.98953,-17.98504,4
30.98953,-17.98504,4
30.98953,-17.98504,4
30.98953,-17.98504,4
30.98953,-17.98504,4
30.98953,-17.98504,4
30.98953,-17.98504,4
30.98953,-17.98504,4
31.0878,-18.12545,4
30.97682,-17.96688,4
31.0983,-18.14045,4
31.0983,-18.14045,4
31.0983,-18.14045,4
31.0983,-18.14045,4
31.0983,-18.14045,4
31.0983,-18.14045,4
31.0983,-18.14045,4
31.0983,-18.14045,4
31.0983,-18.14045,4
30.95691,-17.93843,4
18.57524,-10.60076,4
6.024867,-3.163107,4
0.13459,0.3276121,4
13.66132,5.197658,4
25.6043,9.497507,4
25.6043,9.497507,4
25.6043,9.497507,4
25.6043,9.497507,4
25.6043,9.497507,4
25.6043,9.497507,4
25.6043,9.497507,4
25.6043,9.497507,4
25.78372,9.562105,4
25.96506,9.627391,4
26.182,9.705497,4
26.182,9.705497,4
26.182,9.705497,4
26.36465,9.771256,4
26.36465,9.771256,4
26.36465,9.771256,4
26.36465,9.771256,4
26.36465,9.771256,4
26.36465,9.771256,4
26.36465,9.771256,4
26.36465,9.771256,4
26.36465,9.771256,4
26.70305,9.89309,4
26.98252,9.993709,4
26.98252,9.993709,4
26.98252,9.993709,4
26.98252,9.993709,4
26.98252,9.993709,4
26.98252,9.993709,4
26.98252,9.993709,4
26.98252,9.993709,4
26.98252,9.993709,4
27.1595,10.05742,4
26.88391,9.958203,4
27.08119,10.02923,4
27.08119,10.02923,4
27.08119,10.02923,4
27.08119,10.02923,4
27.08119,10.02923,4
27.08119,10.02923,4
27.08119,10.02923,4
27.08119,10.02923,4
27.08119,10.02923,4
26.86932,9.952951,4
27.1166,10.04198,4
27.1166,10.04198,4
27.1166,10.04198,4
26.83864,9.941904,4
26.83864,9.941904,4
26.83864,9.941904,4
26.83864,9.941904,4
26.83864,9.941904,4
26.83864,9.941904,4
26.83864,9.941904,4
26.83864,9.941904,4
26.83864,9.941904,4
27.02434,10.00876,4
26.86002,9.949605,4
27.06646,10.02393,4
27.06646,10.02393,4
27.06646,10.02393,4
27.06646,10.02393,4
27.06646,10.02393,4
27.06646,10.02393,4
27.06646,10.02393,4
27.06646,10.02393,4
27.06646,10.02393,4
26.83591,9.940925,4
16.063,0.3751523,4
5.206026,-9.265266,4
2.109818,-12.01454,4
16.30742,-14.38259,4
30.65793,-16.77615,4
30.65793,-16.77615,4
30.65793,-16.77615,4
30.65793,-16.77615,4
30.65793,-16.77615,4
30.65793,-16.77615,4
30.65793,-16.77615,4
30.65793,-16.77615,4
30.86488,-16.81066,4
31.01167,-16.83515,4
31.1664,-16.86096,4
31.1664,-16.86096,4
31.1664,-16.86096,4
31.1664,-16.86096,4
31.1664,-16.86096,4
31.1664,-16.86096,4
31.1664,-16.86096,4
31.1664,-16.86096,4
31.1664,-16.86096,4
31.41172,-16.90188,4
33.65227,-8.330297,4
33.65227,-8.330297,4
19.55894,-10.24868,4
5.193018,-12.20417,4
-6.582331,-13.80703,4
-6.582331,-13.80703,4
-6.582331,-13.80703,4
-6.582331,-13.80703,4
-6.582331,-13.80703,4
-6.582331,-13.80703,4
-6.582331,-13.80703,4
-6.582331,-13.80703,4
-6.766932,-13.83216,4
-6.991477,-13.86272,4
-7.256207,-13.89876,4
-7.437292,-13.9234,4
-7.437292,-13.9234,4
-7.437292,-13.9234,4
-7.437292,-13.9234,4
-7.437292,-13.9234,4
-7.437292,-13.9234,4
-7.437292,-13.9234,4
-7.437292,-13.9234,4
-7.437292,-13.9234,4
-7.690024,-13.95781,4
-7.947635,-13.99287,4
-7.947635,-13.99287,4
-8.26002,-14.03539,4
-8.26002,-14.03539,4
-8.26002,-14.03539,4
-8.26002,-14.03539,4
-8.26002,-14.03539,4
-8.26002,-14.03539,4
-8.26002,-14.03539,4
-8.26002,-14.03539,4
-8.26002,-14.03539,4
-8.095865,-14.01305,4
-7.947852,-13.9929,4
-8.133149,-14.01812,4
-8.133149,-14.01812,4
-8.133149,-14.01812,4
-8.133149,-14.01812,4
-8.133149,-14.01812,4
-8.133149,-14.01812,4
-8.133149,-14.01812,4
-8.133149,-14.01812,4
-8.133149,-14.01812,4
-7.903023,-13.9868,4
-8.139169,-14.01894,4
-16.19759,-3.088404,4
-16.19759,-3.088404,4
-2.346895,0.3854778,4
11.67363,3.901959,4
25.68871,7.417071,4
32.72775,9.182528,4
32.72775,9.182528,4
32.72775,9.182528,4
32.72775,9.182528,4
32.72775,9.182528,4
32.72775,9.182528,4
32.41236,9.103424,4
32.21396,9.053663,4
31.98711,8.996767,4
31.98711,8.996767,4
31.98711,8.996767,4
31.98711,8.996767,4
31.98711,8.996767,4
31.98711,8.996767,4
31.98711,8.996767,4
31.98711,8.996767,4
31.98711,8.996767,4
32.22477,9.056376,4
31.98486,8.996203,4
33.77039,-5.177309,4
33.83729,-5.708385,4
35.57249,-10.75632,4
35.57249,-10.75632,4
35.62688,-10.91452,4
35.62688,-10.91452,4
35.62688,-10.91452,4
35.62688,-10.91452,4
35.62688,-10.91452,4
35.62688,-10.91452,4
35.62688,-10.91452,4
35.62688,-10.91452,4
35.68593,-11.08631,4
35.76532,-11.31727,4
35.8293,-11.50342,4
35.88295,-11.65948,4
35.94315,-11.83461,4
35.94315,-11.83461,4
35.94315,-11.83461,4
35.94315,-11.83461,4
36.00671,-12.01953,4
34.54781,-8.370293,4
34.54781,-8.370293,4
39.10667,5.314627,4
41.53921,12.61669,4
41.53921,12.61669,4
41.53921,12.61669,4
41.53921,12.61669,4
41.59258,12.77691,4
41.59258,12.77691,4
41.59258,12.77691,4
41.59258,12.77691,4
41.59258,12.77691,4
41.59258,12.77691,4
41.59258,12.77691,4
41.59258,12.77691,4
41.65918,12.97686,4
41.7329,13.19815,4
41.7329,13.19815,4
41.7329,13.19815,4
41.7329,13.19815,4
41.7329,13.19815,4
41.7329,13.19815,4
41.7329,13.19815,4
41.7329,13.19815,4
41.7329,13.19815,4
41.80714,13.42104,4
41.88911,13.66711,4
41.95795,13.87376,4
41.95795,13.87376,4
42.04575,14.13735,4
42.04575,14.13735,4
41.98607,13.95819,4
41.98607,13.95819,4
41.98607,13.95819,4
41.98607,13.95819,4
41.98607,13.95819,4
41.98607,13.95819,4
41.98607,13.95819,4
41.98607,13.95819,4
42.04691,14.14084,4
41.97199,13.91591,4
41.97199,13.91591,4
41.97199,13.91591,4
41.97199,13.91591,4
41.97199,13.91591,4
41.97199,13.91591,4
41.97199,13.91591,4
41.97199,13.91591,4
41.97199,13.91591,4
42.03749,14.11254,4
36.91724,0.6628495,4
34.49501,-5.699743,4
34.93973,-16.53176,4
34.93973,-16.53176,4
34.93973,-16.53176,4
34.93973,-16.53176,4
34.93973,-16.53176,4
34.93973,-16.53176,4
34.93973,-16.53176,4
34.93973,-16.53176,4
34.93973,-16.53176,4
34.93973,-16.53176,4
34.94709,-16.71112,4
34.95356,-16.86885,4
34.96427,-17.12963,4
34.96427,-17.12963,4
34.96427,-17.12963,4
34.96427,-17.12963,4
34.96427,-17.12963,4
34.96427,-17.12963,4
34.96427,-17.12963,4
34.96427,-17.12963,4
34.96427,-17.12963,4
34.97452,-17.37933,4
34.98545,-17.64566,4
34.98545,-17.64566,4
34.98545,-17.64566,4
34.99776,-17.94558,4
34.99776,-17.94558,4
34.99776,-17.94558,4
34.99776,-17.94558,4
34.99776,-17.94558,4
34.99776,-17.94558,4
34.99776,-17.94558,4
34.99776,-17.94558,4
34.99776,-17.94558,4
35.00565,-18.13747,4
34.99848,-17.96295,4
35.00686,-18.16708,4
35.00686,-18.16708,4
35.00686,-18.16708,4
34.99928,-17.98238,4
34.99928,-17.98238,4
34.99928,-17.98238,4
34.99928,-17.98238,4
34.99928,-17.98238,4
34.99928,-17.98238,4
34.99928,-17.98238,4
34.99928,-17.98238,4
34.99928,-17.98238,4
35.01337,-18.3249,4
35.0016,-18.03896,4
35.0016,-18.03896,4
35.0016,-18.03896,4
35.0016,-18.03896,4
35.0016,-18.03896,4
35.0016,-18.03896,4
35.0016,-18.03896,4
35.0016,-18.03896,4
35.0016,-18.03896,4
34.99361,-17.84474,4
35.00375,-18.09119,4
34.99389,-17.85141,4
34.99389,-17.85141,4
34.99389,-17.85141,4
34.99389,-17.85141,4
34.99389,-17.85141,4
34.99389,-17.85141,4
34.99389,-17.85141,4
34.99389,-17.85141,4
34.99389,-17.85141,4
35.00432,-18.10513,4
26.69791,-6.363247,4
18.26698,5.554643,4
13.86081,11.78317,4
-0.1007074,14.71288,4
-9.630348,16.71259,4
-9.630348,16.71259,4
-9.630348,16.71259,4
-9.630348,16.71259,4
-9.630348,16.71259,4
-9.630348,16.71259,4
-9.630348,16.71259,4
-9.630348,16.71259,4
-9.794077,16.74695,4
-9.987061,16.78744,4
-10.18168,16.82828,4
-10.18168,16.82828,4
-10.18168,16.82828,4
-10.18168,16.82828,4
-10.18168,16.82828,4
-10.18168,16.82828,4
-10.18168,16.82828,4
-10.18168,16.82828,4
-10.18168,16.82828,4
-10.40508,16.87516,4
2.176513,10.11044,4
14.88439,3.277832,4
27.53888,10.2375,4
34.81337,14.33208,4
34.81337,14.33208,4
34.81337,14.33208,4
34.81337,14.33208,4
34.81337,14.33208,4
34.81337,14.33208,4
34.81337,14.33208,4
34.81337,14.33208,4
34.81337,14.33208,4
34.97375,14.42235,4
35.13298,14.51198,4
35.3168,14.61544,4
35.3168,14.61544,4
35.3168,14.61544,4
35.3168,14.61544,4
35.3168,14.61544,4
35.3168,14.61544,4
35.3168,14.61544,4
35.3168,14.61544,4
35.3168,14.61544,4
35.50657,14.72226,4
35.67777,14.81862,4
35.67777,14.81862,4
35.67777,14.81862,4
35.92152,14.95582,4
35.92152,14.95582,4
35.92152,14.95582,4
35.92152,14.95582,4
35.92152,14.95582,4
35.92152,14.95582,4
35.92152,14.95582,4
35.92152,14.95582,4
35.92152,14.95582,4
36.08479,15.04772,4
35.93168,14.96154,4
36.06211,15.03496,4
36.06211,15.03496,4
36.06211,15.03496,4
36.06211,15.03496,4
36.06211,15.03496,4
36.06211,15.03496,4
36.06211,15.03496,4
36.06211,15.03496,4
36.06211,15.03496,4
35.85158,14.91645,4
34.64289,0.6098748,4
34.1256,-5.513185,4
36.28032,-2.129991,4
36.40627,-1.932222,4
36.40627,-1.932222,4
36.48526,-1.808198,4
36.48526,-1.808198,4
36.48526,-1.808198,4
36.48526,-1.808198,4
36.48526,-1.808198,4
36.48526,-1.808198,4
36.48526,-1.808198,4
36.48526,-1.808198,4
36.58982,-1.644026,4
36.71154,-1.452914,4
36.71154,-1.452914,4
36.71154,-1.452914,4
36.71154,-1.452914,4
36.71154,-1.452914,4
36.71154,-1.452914,4
36.71154,-1.452914,4
36.71154,-1.452914,4
36.71154,-1.452914,4
36.83611,-1.257336,4
36.95949,-1.063603,4
37.08878,-0.8606018,4
36.92171,-1.122918,4
37.08588,-0.8651627,4
37.08588,-0.8651627,4
37.08588,-0.8651627,4
37.08588,-0.8651627,4
37.08588,-0.8651627,4
37.08588,-0.8651627,4
37.08588,-0.8651627,4
37.08588,-0.8651627,4
37.08588,-0.8651627,4
36.98436,-1.02456,4
37.07225,-0.8865716,4
36.94485,-1.08658,4
36.94485,-1.08658,4
36.94485,-1.08658,4
36.94485,-1.08658,4
36.94485,-1.08658,4
36.94485,-1.08658,4
36.94485,-1.08658,4
36.94485,-1.08658,4
36.94485,-1.08658,4
37.06911,-0.891498,4
36.94081,-1.092914,4
36.94081,-1.092914,4
36.94081,-1.092914,4
37.09757,-0.8468288,4
37.09757,-0.8468288,4
37.09757,-0.8468288,4
37.09757,-0.8468288,4
37.09757,-0.8468288,4
37.09757,-0.8468288,4
37.09757,-0.8468288,4
37.09757,-0.8468288,4
37.09757,-0.8468288,4
37.00421,-0.993392,4
36.90003,-1.156998,4
37.01086,-0.9829433,4
37.01086,-0.9829433,4
37.01086,-0.9829433,4
37.01086,-0.9829433,4
37.01086,-0.9829433,4
37.01086,-0.9829433,4
37.01086,-0.9829433,4
37.01086,-0.9829433,4
37.01086,-0.9829433,4
36.90017,-1.156796,4
40.77635,12.64346,4
41.62761,15.67419,4
41.62761,15.67419,4
41.71135,15.97233,4
41.71135,15.97233,4
41.7676,16.17258,4
41.7676,16.17258,4
41.7676,16.17258,4
41.7676,16.17258,4
41.7676,16.17258,4
41.7676,16.17258,4
41.7676,16.17258,4
41.7676,16.17258,4
41.81955,16.35755,4
41.86384,16.51523,4
41.90743,16.67043,4
41.90743,16.67043,4
41.90743,16.67043,4
41.90743,16.67043,4
41.90743,16.67043,4
41.90743,16.67043,4
41.90743,16.67043,4
41.90743,16.67043,4
41.90743,16.67043,4
41.9742,16.90814,4
28.42648,12.5645,4
14.67709,8.156213,4
0.299164,5.982236,4
-11.52802,4.219398,4
-11.68327,4.196259,4
-11.68327,4.196259,4
-11.68327,4.196259,4
-11.68327,4.196259,4
-11.68327,4.196259,4
-11.68327,4.196259,4
-11.68327,4.196259,4
-11.68327,4.196259,4
-11.86216,4.169594,4
-12.0777,4.137468,4
-12.25368,4.111239,4
-12.25368,4.111239,4
-12.25368,4.111239,4
-12.25368,4.111239,4
-12.25368,4.111239,4
-12.25368,4.111239,4
-12.25368,4.111239,4
-12.25368,4.111239,4
-12.25368,4.111239,4
-12.50977,4.073068,4
-12.71863,4.041938,4
-12.71863,4.041938,4
-12.98364,4.002439,4
-12.98364,4.002439,4
-12.98364,4.002439,4
-12.98364,4.002439,4
-12.98364,4.002439,4
-12.98364,4.002439,4
-12.98364,4.002439,4
-12.98364,4.002439,4
-12.98364,4.002439,4
-13.15655,3.976665,4
-12.99566,4.000647,4
-12.99566,4.000647,4
-12.99566,4.000647,4
-12.99566,4.000647,4
-13.17301,3.974215,4
-12.99062,4.001398,4
-12.99062,4.001398,4
-12.99062,4.001398,4
-12.99062,4.001398,4
-12.99062,4.001398,4
-12.99062,4.001398,4
-12.99062,4.001398,4
-12.99062,4.001398,4
-12.99062,4.001398,4
-13.28531,3.957476,4
-13.09337,3.986084,4
-13.09337,3.986084,4
-13.09337,3.986084,4
-13.09337,3.986084,4
-13.09337,3.986084,4
-13.09337,3.986084,4
-13.09337,3.986084,4
-13.09337,3.986084,4
-12.82527,4.026043,4
-12.9897,4.001536,4
-13.13551,3.979803,4
-13.13551,3.979803,4
-13.13551,3.979803,4
0.9795422,6.800386,4
15.13911,9.629866,4
25.59304,11.71885,4
25.59304,11.71885,4
25.59304,11.71885,4
25.79508,11.75923,4
26.01411,11.80299,4
26.01411,11.80299,4
26.01411,11.80299,4
26.01411,11.80299,4
26.01411,11.80299,4
26.01411,11.80299,4
26.23521,11.84717,4
26.23521,11.84717,4
26.23521,11.84717,4
26.23521,11.84717,4
26.23521,11.84717,4
26.23521,11.84717,4
26.23521,11.84717,4
26.23521,11.84717,4
26.43003,11.8861,4
26.68327,11.93671,4
26.68327,11.93671,4
26.68327,11.93671,4
26.68327,11.93671,4
26.68327,11.93671,4
26.68327,11.93671,4
26.68327,11.93671,4
26.68327,11.93671,4
26.68327,11.93671,4
26.91036,11.98209,4
27.15483,12.03094,4
14.22343,7.921768,4
0.4041165,3.530448,4
14.13105,6.978393,4
28.20554,10.52447,4
40.63964,13.65726,4
40.63964,13.65726,4
40.63964,13.65726,4
40.63964,13.65726,4
40.63964,13.65726,4
40.63964,13.65726,4
40.63964,13.65726,4
40.63964,13.65726,4
40.80408,13.69869,4
40.99918,13.74784,4
41.1666,13.79002,4
41.1666,13.79002,4
41.1666,13.79002,4
41.1666,13.79002,4
41.1666,13.79002,4
41.1666,13.79002,4
41.1666,13.79002,4
41.1666,13.79002,4
41.1666,13.79002,4
41.42428,13.85495,4
36.64244,0.4226245,4
34.49786,-5.601532,4
35.80898,-14.67769,4
35.80898,-14.67769,4
35.80898,-14.67769,4
35.80898,-14.67769,4
35.80898,-14.67769,4
35.80898,-14.67769,4
35.80898,-14.67769,4
35.80898,-14.67769,4
35.80898,-14.67769,4
35.83404,-14.8512,4
35.86076,-15.03612,4
35.89109,-15.24614,4
35.89109,-15.24614,4
35.89109,-15.24614,4
35.91467,-15.40933,4
35.91467,-15.40933,4
35.91467,-15.40933,4
35.91467,-15.40933,4
35.91467,-15.40933,4
35.91467,-15.40933,4
35.91467,-15.40933,4
35.91467,-15.40933,4
35.91467,-15.40933,4
35.9625,-15.74041,4
36.00892,-16.06175,4
36.00892,-16.06175,4
36.00892,-16.06175,4
36.00892,-16.06175,4
36.00892,-16.06175,4
36.00892,-16.06175,4
36.00892,-16.06175,4
36.00892,-16.06175,4
36.00892,-16.06175,4
35.98201,-15.87549,4
36.01056,-16.07308,4
35.98072,-15.86652,4
35.98072,-15.86652,4
35.98072,-15.86652,4
35.98072,-15.86652,4
35.98072,-15.86652,4
35.98072,-15.86652,4
35.98072,-15.86652,4
35.98072,-15.86652,4
35.98072,-15.86652,4
36.01374,-16.09513,4
35.97798,-15.84752,4
35.97798,-15.84752,4
35.97798,-15.84752,4
36.01798,-16.12451,4
36.01798,-16.12451,4
36.01798,-16.12451,4
36.01798,-16.12451,4
36.01798,-16.12451,4
36.01798,-16.12451,4
36.01798,-16.12451,4
36.01798,-16.12451,4
36.01798,-16.12451,4
35.99417,-15.95961,4
36.02154,-16.14915,4
36.02154,-16.14915,4
36.02154,-16.14915,4
36.02154,-16.14915,4
35.9985,-15.9896,4
38.09523,-1.740569,4
40.21375,12.65676,4
40.79406,16.60042,4
40.79406,16.60042,4
40.79406,16.60042,4
40.79406,16.60042,4
40.79406,16.60042,4
40.79406,16.60042,4
40.79406,16.60042,4
40.79406,16.60042,4
40.79406,16.60042,4
40.81808,16.76371,4
40.81808,16.76371,4
40.81808,16.76371,4
40.81808,16.76371,4
40.81808,16.76371,4
40.81808,16.76371,4
40.81808,16.76371,4
40.81808,16.76371,4
40.84395,16.93949,4
40.87819,17.17219,4
40.89846,17.30995,4
40.89846,17.30995,4
40.89846,17.30995,4
40.89846,17.30995,4
40.89846,17.30995,4
40.89846,17.30995,4
40.89846,17.30995,4
40.89846,17.30995,4
40.89846,17.30995,4
40.93498,17.55814,4
40.96624,17.77061,4
41.00141,18.00956,4
41.00141,18.00956,4
41.00141,18.00956,4
41.00141,18.00956,4
41.00141,18.00956,4
41.00141,18.00956,4
41.00141,18.00956,4
41.00141,18.00956,4
41.00141,18.00956,4
41.00141,18.00956,4
40.9754,17.83289,4
41.00391,18.02653,4
40.9683,17.78475,4
40.9683,17.78475,4
40.9683,17.78475,4
40.9683,17.78475,4
40.9683,17.78475,4
40.9683,17.78475,4
40.9683,17.78475,4
40.9683,17.78475,4
40.9683,17.78475,4
41.00128,18.00868,4
27.49312,13.34877,4
13.77195,8.615393,4
4.051054,-2.188405,4
-5.601172,-13.05002,4
-9.011842,-16.88803,4
-9.144663,-17.03749,4
-9.144663,-17.03749,4
-9.144663,-17.03749,4
-9.144663,-17.03749,4
-9.144663,-17.03749,4
-9.144663,-17.03749,4
-9.144663,-17.03749,4
-9.144663,-17.03749,4
-9.264977,-17.17288,4
-9.399077,-17.32378,4
-9.491795,-17.42812,4
-9.491795,-17.42812,4
-9.59691,-17.5464,4
-9.59691,-17.5464,4
-9.59691,-17.5464,4
-9.59691,-17.5464,4
-9.773914,-17.74559,4
-9.923297,-17.91368,4
-9.923297,-17.91368,4
-9.923297,-17.91368,4
-9.923297,-17.91368,4
-9.923297,-17.91368,4
-9.923297,-17.91368,4
-9.923297,-17.91368,4
-10.05015,-18.05644,4
-10.05015,-18.05644,4
-10.05015,-18.05644,4
-10.05015,-18.05644,4
-10.05015,-18.05644,4
-10.05015,-18.05644,4
-10.05015,-18.05644,4
-10.05015,-18.05644,4
-9.922211,-17.91246,4
-10.05467,-18.06153,4
-10.05467,-18.06153,4
-10.05467,-18.06153,4
-9.933499,-17.92517,4
-10.0423,-18.0476,4
4.121403,-17.37381,4
18.63521,-16.68336,4
31.57181,-16.06793,4
31.57181,-16.06793,4
31.75963,-16.059,4
31.99168,-16.04796,4
31.99168,-16.04796,4
31.99168,-16.04796,4
31.99168,-16.04796,4
31.99168,-16.04796,4
32.19061,-16.0385,4
32.19061,-16.0385,4
32.19061,-16.0385,4
32.19061,-16.0385,4
32.19061,-16.0385,4
32.19061,-16.0385,4
32.19061,-16.0385,4
32.19061,-16.0385,4
32.37823,-16.02957,4
32.60019,-16.01902,4
32.60019,-16.01902,4
32.60019,-16.01902,4
32.60019,-16.01902,4
32.60019,-16.01902,4
32.60019,-16.01902,4
32.60019,-16.01902,4
32.60019,-16.01902,4
32.60019,-16.01902,4
32.81043,-16.00902,4
33.03451,-15.99836,4
21.8652,-7.693408,4
10.16363,1.007315,4
-1.543133,9.711887,4
-8.867915,15.15824,4
-9.091353,15.32437,4
-9.091353,15.32437,4
-9.091353,15.32437,4
-9.091353,15.32437,4
-9.091353,15.32437,4
-9.091353,15.32437,4
-9.091353,15.32437,4
-9.091353,15.32437,4
-9.251884,15.44374,4
-9.420481,15.5691,4
-9.607812,15.70839,4
-9.607812,15.70839,4
-9.607812,15.70839,4
-9.607812,15.70839,4
-9.607812,15.70839,4
-9.607812,15.70839,4
-9.607812,15.70839,4
-9.607812,15.70839,4
-9.607812,15.70839,4
-9.795645,15.84805,4
-9.988639,15.99155,4
-9.988639,15.99155,4
-10.1638,16.12179,4
-10.1638,16.12179,4
-10.1638,16.12179,4
-10.1638,16.12179,4
-10.1638,16.12179,4
-10.1638,16.12179,4
-10.1638,16.12179,4
-10.1638,16.12179,4
-10.1638,16.12179,4
-9.971304,15.97866,4
-10.13586,16.10102,4
-9.961752,15.97156,4
-10.13489,16.10029,4
-10.13489,16.10029,4
-10.13489,16.10029,4
-10.13489,16.10029,4
-10.13489,16.10029,4
-10.13489,16.10029,4
-10.13489,16.10029,4
-10.13489,16.10029,4
-10.13489,16.10029,4
-9.930987,15.94869,4
-15.20527,2.556943,4
-16.5026,-0.7370769,4
-14.37166,-8.624368,4
-14.37166,-8.624368,4
-14.37166,-8.624368,4
-14.37166,-8.624368,4
-14.37166,-8.624368,4
-14.37166,-8.624368,4
-14.37166,-8.624368,4
-14.37166,-8.624368,4
-14.37166,-8.624368,4
-14.32618,-8.79271,4
-14.27005,-9.000451,4
-14.22946,-9.150698,4
-14.22946,-9.150698,4
-14.22946,-9.150698,4
-14.22946,-9.150698,4
-14.22946,-9.150698,4
-14.22946,-9.150698,4
-14.22946,-9.150698,4
-14.22946,-9.150698,4
-14.22946,-9.150698,4
-14.1661,-9.385202,4
0.09614542,-8.678929,4
14.66084,-7.957679,4
4.934904,2.48716,4
-5.06815,13.0189,4
-5.06815,13.0189,4
-5.183594,13.14045,4
-5.183594,13.14045,4
-5.183594,13.14045,4
-5.183594,13.14045,4
-5.183594,13.14045,4
-5.183594,13.14045,4
-5.183594,13.14045,4
-5.183594,13.14045,4
-5.309708,13.27322,4
-5.450523,13.42148,4
-5.559065,13.53576,4
-5.559065,13.53576,4
-5.559065,13.53576,4
-5.559065,13.53576,4
-5.559065,13.53576,4
-5.559065,13.53576,4
-5.559065,13.53576,4
-5.559065,13.53576,4
-5.559065,13.53576,4
-5.723155,13.70852,4
-5.890365,13.88457,4
-5.890365,13.88457,4
-6.083293,14.0877,4
-6.083293,14.0877,4
-6.083293,14.0877,4
-6.083293,14.0877,4
-6.083293,14.0877,4
-6.083293,14.0877,4
-6.083293,14.0877,4
-6.083293,14.0877,4
-6.083293,14.0877,4
-5.952533,13.95002,4
-6.063916,14.0673,4
-5.927722,13.9239,4
-5.927722,13.9239,4
-5.927722,13.9239,4
-5.927722,13.9239,4
-5.927722,13.9239,4
-5.927722,13.9239,4
-5.927722,13.9239,4
-5.927722,13.9239,4
-5.927722,13.9239,4
-6.123574,14.13011,4
4.752011,4.717389,4
15.72123,-4.77637,4
26.67223,-14.25435,4
29.94555,-17.08738,4
29.94555,-17.08738,4
30.11197,-17.23142,4
30.11197,-17.23142,4
30.11197,-17.23142,4
30.11197,-17.23142,4
30.11197,-17.23142,4
30.11197,-17.23142,4
30.11197,-17.23142,4
30.11197,-17.23142,4
30.24352,-17.34527,4
30.4111,-17.49031,4
30.52174,-17.58607,4
30.52174,-17.58607,4
30.52174,-17.58607,4
30.52174,-17.58607,4
30.52174,-17.58607,4
30.52174,-17.58607,4
30.52174,-17.58607,4
30.52174,-17.58607,4
30.52174,-17.58607,4
30.68883,-17.73069,4
30.85046,-17.87057,4
30.85046,-17.87057,4
31.06635,-18.05742,4
31.06635,-18.05742,4
31.06635,-18.05742,4
31.06635,-18.05742,4
31.06635,-18.05742,4
31.06635,-18.05742,4
31.06635,-18.05742,4
31.06635,-18.05742,4
31.06635,-18.05742,4
30.92867,-17.93826,4
31.05433,-18.04703,4
30.90238,-17.91551,4
30.90238,-17.91551,4
30.90238,-17.91551,4
30.90238,-17.91551,4
30.90238,-17.91551,4
30.90238,-17.91551,4
30.90238,-17.91551,4
30.90238,-17.91551,4
30.90238,-17.91551,4
31.08205,-18.07101,4
31.01327,-3.76233,4
31.00654,-2.361613,4
31.00654,-2.361613,4
31.00654,-2.361613,4
31.00654,-2.361613,4
31.00561,-2.168599,4
31.00561,-2.168599,4
31.00561,-2.168599,4
31.00561,-2.168599,4
31.00561,-2.168599,4
31.00561,-2.168599,4
31.00561,-2.168599,4
31.00561,-2.168599,4
31.00469,-1.97626,4
31.00361,-1.752946,4
31.00361,-1.752946,4
31.00361,-1.752946,4
31.00361,-1.752946,4
31.00361,-1.752946,4
31.00361,-1.752946,4
31.00361,-1.752946,4
31.00361,-1.752946,4
31.00361,-1.752946,4
31.00251,-1.523474,4
31.0013,-1.271752,4
31.00017,-1.036046,4
30.99862,-0.7144674,4
30.99862,-0.7144674,4
30.99862,-0.7144674,4
30.99862,-0.7144674,4
30.99862,-0.7144674,4
30.99862,-0.7144674,4
30.99862,-0.7144674,4
30.99862,-0.7144674,4
30.99862,-0.7144674,4
30.99862,-0.7144674,4
30.99957,-0.9117216,4
31.00052,-1.10776,4
30.9995,-0.8964969,4
31.00027,-1.057218,4
31.00027,-1.057218,4
31.00027,-1.057218,4
31.00027,-1.057218,4
31.00027,-1.057218,4
31.00027,-1.057218,4
31.00027,-1.057218,4
31.00027,-1.057218,4
31.00027,-1.057218,4
30.99916,-0.8249294,4
31.00033,-1.068833,4
31.00033,-1.068833,4
30.99893,-0.7770438,4
30.99893,-0.7770438,4
30.99986,-0.9715717,4
30.99986,-0.9715717,4
30.99986,-0.9715717,4
30.99986,-0.9715717,4
30.99986,-0.9715717,4
30.99986,-0.9715717,4
30.99986,-0.9715717,4
30.99986,-0.9715717,4
31.00074,-1.156299,4
30.99976,-0.948918,4
31.00054,-1.1136,4
31.00054,-1.1136,4
31.00054,-1.1136,4
31.00054,-1.1136,4
31.00054,-1.1136,4
31.00054,-1.1136,4
31.00054,-1.1136,4
31.00054,-1.1136,4
31.00054,-1.1136,4
30.99946,-0.8855275,4
33.33946,-5.65397,4
33.33946,-5.65397,4
19.24799,-8.502565,4
5.073663,-11.36791,4
-1.5346,-12.70377,4
-1.5346,-12.70377,4
-1.5346,-12.70377,4
-1.5346,-12.70377,4
-1.5346,-12.70377,4
-1.5346,-12.70377,4
-1.5346,-12.70377,4
-1.700978,-12.73741,4
-1.889066,-12.77543,4
-2.09363,-12.81678,4
-2.09363,-12.81678,4
-2.09363,-12.81678,4
-2.09363,-12.81678,4
-2.09363,-12.81678,4
-2.09363,-12.81678,4
-2.09363,-12.81678,4
-2.09363,-12.81678,4
-2.09363,-12.81678,4
-2.284205,-12.8553,4
-2.499141,-12.89875,4
-2.742736,-12.94799,4
-2.742736,-12.94799,4
-3.056674,-13.01146,4
-3.056674,-13.01146,4
-3.056674,-13.01146,4
-3.056674,-13.01146,4
-3.056674,-13.01146,4
-3.056674,-13.01146,4
-3.056674,-13.01146,4
-3.056674,-13.01146,4
-3.056674,-13.01146,4
-2.887071,-12.97717,4
-3.040109,-13.00811,4
-2.85186,-12.97005,4
-3.019302,-13.0039,4
-3.019302,-13.0039,4
-3.019302,-13.0039,4
-3.019302,-13.0039,4
-3.019302,-13.0039,4
-3.019302,-13.0039,4
-3.019302,-13.0039,4
-3.019302,-13.0039,4
-3.019302,-13.0039,4
-2.765506,-12.9526,4
11.41144,-10.65725,4
25.84418,-8.320487,4
14.52807,-0.6026046,4
2.325892,7.306801,4
-6.848306,13.25348,4
-6.848306,13.25348,4
-6.848306,13.25348,4
-6.848306,13.25348,4
-6.848306,13.25348,4
-6.848306,13.25348,4
-6.848306,13.25348,4
-6.848306,13.25348,4
-7.005721,13.35552,4
-7.186563,13.47274,4
-7.186563,13.47274,4
-7.186563,13.47274,4
-7.186563,13.47274,4
-7.186563,13.47274,4
-7.186563,13.47274,4
-7.186563,13.47274,4
-7.186563,13.47274,4
-7.186563,13.47274,4
-7.350693,13.57913,4
-7.581093,13.72847,4
-7.756435,13.84212,4
-7.756435,13.84212,4
-8.022647,14.01468,4
-8.022647,14.01468,4
-8.022647,14.01468,4
-8.022647,14.01468,4
-8.022647,14.01468,4
-8.022647,14.01468,4
-8.022647,14.01468,4
-8.022647,14.01468,4
-8.022647,14.01468,4
-7.860412,13.90952,4
-8.005161,14.00335,4
-7.826644,13.88763,4
-7.826644,13.88763,4
-7.826644,13.88763,4
-7.826644,13.88763,4
-7.826644,13.88763,4
-7.826644,13.88763,4
-7.826644,13.88763,4
-7.826644,13.88763,4
-7.826644,13.88763,4
-8.002716,14.00176,4
-7.809345,13.87642,4
-7.809345,13.87642,4
-7.809345,13.87642,4
-8.056563,14.03666,4
-8.056563,14.03666,4
-8.056563,14.03666,4
-8.056563,14.03666,4
-8.056563,14.03666,4
-8.056563,14.03666,4
-8.056563,14.03666,4
-8.056563,14.03666,4
-8.056563,14.03666,4
-7.90101,13.93584,4
-8.035421,14.02296,4
-7.917771,13.9467,4
-7.917771,13.9467,4
-7.917771,13.9467,4
-7.917771,13.9467,4
-7.917771,13.9467,4
-7.917771,13.9467,4
-7.917771,13.9467,4
-7.917771,13.9467,4
-7.917771,13.9467,4
-8.09677,14.06273,4
-7.904011,13.93778,4
-7.904011,13.93778,4
-7.904011,13.93778,4
-8.095671,14.06201,4
-8.095671,14.06201,4
-8.095671,14.06201,4
-8.095671,14.06201,4
-8.095671,14.06201,4
-8.095671,14.06201,4
-8.095671,14.06201,4
-8.095671,14.06201,4
-8.095671,14.06201,4
-7.939007,13.96046,4
-8.077271,14.05009,4
-7.895602,13.93233,4
-8.078096,14.05062,4
-8.078096,14.05062,4
-8.078096,14.05062,4
-8.078096,14.05062,4
-8.078096,14.05062,4
-8.078096,14.05062,4
-8.078096,14.05062,4
-8.078096,14.05062,4
-8.078096,14.05062,4
-7.862759,13.91104,4
6.393973,14.53327,4
20.85954,15.16462,4
35.29993,15.79487,4
38.55007,15.93672,4
38.55007,15.93672,4
38.55007,15.93672,4
38.55007,15.93672,4
38.55007,15.93672,4
38.55007,15.93672,4
38.55007,15.93672,4
38.55007,15.93672,4
38.73727,15.94489,4
38.88953,15.95154,4
39.07759,15.95975,4
39.35594,15.97189,4
39.35594,15.97189,4
39.35594,15.97189,4
39.35594,15.97189,4
39.35594,15.97189,4
39.35594,15.97189,4
39.35594,15.97189,4
39.35594,15.97189,4
39.35594,15.97189,4
39.58009,15.98168,4
39.86116,15.99394,4
39.86116,15.99394,4
40.12729,16.00555,4
40.12729,16.00555,4
40.12729,16.00555,4
40.12729,16.00555,4
40.12729,16.00555,4
40.12729,16.00555,4
40.12729,16.00555,4
40.12729,16.00555,4
40.12729,16.00555,4
39.95666,15.99811,4
40.15728,16.00686,4
39.92094,15.99655,4
39.92094,15.99655,4
39.92094,15.99655,4
39.92094,15.99655,4
39.92094,15.99655,4
39.92094,15.99655,4
39.92094,15.99655,4
39.92094,15.99655,4
39.92094,15.99655,4
40.13924,16.00608,4
28.62024,7.469351,4
14.38619,9.229005,4
27.92488,10.18237,4
39.57685,10.91101,4
39.57685,10.91101,4
39.57685,10.91101,4
39.57685,10.91101,4
39.57685,10.91101,4
39.57685,10.91101,4
39.57685,10.91101,4
39.57685,10.91101,4
39.57685,10.91101,4
39.76109,10.92253,4
39.94578,10.93408,4
40.15965,10.94745,4
40.15965,10.94745,4
40.15965,10.94745,4
40.15965,10.94745,4
40.15965,10.94745,4
40.15965,10.94745,4
40.15965,10.94745,4
40.15965,10.94745,4
40.15965,10.94745,4
40.49334,10.96832,4
26.25331,12.20315,4
11.86682,13.45068,4
-2.582836,14.70369,4
-4.647191,14.8827,4
-4.647191,14.8827,4
-4.829168,14.89848,4
-4.829168,14.89848,4
-4.829168,14.89848,4
-4.829168,14.89848,4
-4.829168,14.89848,4
-4.829168,14.89848,4
-4.829168,14.89848,4
-4.829168,14.89848,4
-5.078149,14.92007,4
-5.33006,14.94191,4
-5.56832,14.96257,4
-5.832644,14.98549,4
-5.832644,14.98549,4
-5.832644,14.98549,4
-5.832644,14.98549,4
-6.132041,15.01145,4
-5.857243,14.98762,4
-5.857243,14.98762,4
-5.857243,14.98762,4
-5.857243,14.98762,4
-5.857243,14.98762,4
-5.857243,14.98762,4
-5.857243,14.98762,4
-5.857243,14.98762,4
-6.048666,15.00422,4
-6.048666,15.00422,4
-6.048666,15.00422,4
-6.048666,15.00422,4
-6.048666,15.00422,4
-6.048666,15.00422,4
-6.048666,15.00422,4
-6.048666,15.00422,4
-5.864985,14.98829,4
-6.075719,15.00657,4
-5.866765,14.98845,4
-6.021206,15.00184,4
-6.021206,15.00184,4
-6.021206,15.00184,4
-6.021206,15.00184,4
-6.021206,15.00184,4
-6.021206,15.00184,4
-6.021206,15.00184,4
-6.021206,15.00184,4
-6.021206,15.00184,4
-5.745928,14.97797,4
-6.027002,15.00234,4
-6.027002,15.00234,4
-6.027002,15.00234,4
-6.027002,15.00234,4
-6.027002,15.00234,4
-6.027002,15.00234,4
-6.027002,15.00234,4
-6.027002,15.00234,4
-6.027002,15.00234,4
-6.027002,15.00234,4
-5.853209,14.98727,4
-6.037453,15.00325,4
-5.836866,14.98586,4
-5.836866,14.98586,4
-5.836866,14.98586,4
-5.836866,14.98586,4
-5.836866,14.98586,4
-5.836866,14.98586,4
-5.836866,14.98586,4
-5.836866,14.98586,4
-5.836866,14.98586,4
-6.048348,15.00419,4
-5.784269,14.98129,4
-5.784269,14.98129,4
-5.784269,14.98129,4
-6.039397,15.00342,4
-6.039397,15.00342,4
-6.039397,15.00342,4
-6.039397,15.00342,4
-6.039397,15.00342,4
-6.039397,15.00342,4
-6.039397,15.00342,4
-6.039397,15.00342,4
-6.039397,15.00342,4
-5.860309,14.98789,4
-6.062441,15.00541,4
-5.873711,14.98905,4
-5.873711,14.98905,4
-5.873711,14.98905,4
-5.873711,14.98905,4
-5.873711,14.98905,4
-5.873711,14.98905,4
-5.873711,14.98905,4
-5.873711,14.98905,4
-5.873711,14.98905,4
-6.092987,15.00806,4
-7.05642,0.858245,4
-7.905126,-11.60659,4
-7.905126,-11.60659,4
-7.905126,-11.60659,4
-7.905126,-11.60659,4
-7.918905,-11.80896,4
-7.918905,-11.80896,4
-7.918905,-11.80896,4
-7.918905,-11.80896,4
-7.918905,-11.80896,4
-7.918905,-11.80896,4
-7.918905,-11.80896,4
-7.918905,-11.80896,4
-7.931119,-11.98835,4
-7.943602,-12.17168,4
-7.943602,-12.17168,4
-7.943602,-12.17168,4
-7.943602,-12.17168,4
-7.943602,-12.17168,4
-7.943602,-12.17168,4
-7.943602,-12.17168,4
-7.943602,-12.17168,4
-7.943602,-12.17168,4
-7.957685,-12.37853,4
5.96215,-10.59415,4
20.43619,-8.738732,4
7.268224,-3.434734,4
-6.158453,1.890132,4
-12.69121,4.480951,4
-12.82077,4.532331,4
-12.82077,4.532331,4
-12.82077,4.532331,4
-12.82077,4.532331,4
-12.82077,4.532331,4
-12.82077,4.532331,4
-12.82077,4.532331,4
-12.82077,4.532331,4
-12.98565,4.597719,4
-13.18441,4.676545,4
-13.18441,4.676545,4
-13.18441,4.676545,4
-13.18441,4.676545,4
-13.18441,4.676545,4
-13.18441,4.676545,4
-13.18441,4.676545,4
-13.18441,4.676545,4
-13.18441,4.676545,4
-13.41719,4.768866,4
-13.60378,4.842862,4
-13.77102,4.909188,4
-13.77102,4.909188,4
-14.01574,5.006244,4
-14.01574,5.006244,4
-14.01574,5.006244,4
-14.01574,5.006244,4
-14.01574,5.006244,4
-14.01574,5.006244,4
-14.01574,5.006244,4
-14.01574,5.006244,4
-14.01574,5.006244,4
-13.84813,4.939775,4
-13.97234,4.989031,4
-14.15916,5.06312,4
-14.15916,5.06312,4
-14.15916,5.06312,4
-14.15916,5.06312,4
-14.15916,5.06312,4
-14.15916,5.06312,4
-14.15916,5.06312,4
-14.15916,5.06312,4
-14.15916,5.06312,4
-13.95158,4.980799,4
-14.13338,5.052896,4
-13.89222,4.957259,4
-13.89222,4.957259,4
-14.11789,5.046751,4
-14.11789,5.046751,4
-14.11789,5.046751,4
-14.11789,5.046751,4
-14.11789,5.046751,4
-14.11789,5.046751,4
-14.11789,5.046751,4
-14.11789,5.046751,4
-14.11789,5.046751,4
-13.94542,4.978356,4
-14.06876,5.027267,4
-14.06876,5.027267,4
-14.06876,5.027267,4
-14.06876,5.027267,4
-15.68442,12.53379,4
-4.385559,3.65917,4
-2.087167,1.853912,4
-2.087167,1.853912,4
-2.087167,1.853912,4
11.06471,6.926074,4
24.61123,12.15044,4
30.61746,14.46681,4
30.61746,14.46681,4
30.61746,14.46681,4
30.61746,14.46681,4
30.61746,14.46681,4
30.78537,14.53157,4
30.78537,14.53157,4
30.78537,14.53157,4
30.78537,14.53157,4
30.78537,14.53157,4
30.78537,14.53157,4
30.78537,14.53157,4
30.78537,14.53157,4
30.97436,14.60445,4
31.18467,14.68556,4
31.18467,14.68556,4
31.18467,14.68556,4
31.18467,14.68556,4
31.18467,14.68556,4
31.18467,14.68556,4
31.18467,14.68556,4
31.18467,14.68556,4
31.18467,14.68556,4
31.37392,14.75855,4
31.59245,14.84282,4
18.61843,8.615713,4
5.590141,2.362561,4
-7.489223,-3.915106,4
-14.75735,-7.403573,4
-14.75735,-7.403573,4
-14.75735,-7.403573,4
-14.75735,-7.403573,4
-14.75735,-7.403573,4
-14.75735,-7.403573,4
-14.75735,-7.403573,4
-14.75735,-7.403573,4
-14.91645,-7.479935,4
-15.09846,-7.567295,4
-15.27951,-7.654192,4
-15.27951,-7.654192,4
-15.27951,-7.654192,4
-15.27951,-7.654192,4
-15.27951,-7.654192,4
-15.27951,-7.654192,4
-15.27951,-7.654192,4
-15.27951,-7.654192,4
-15.27951,-7.654192,4
-15.45706,-7.73941,4
-15.66362,-7.838552,4
-2.738222,-2.935647,4
10.8317,2.211735,4
24.44587,7.375904,4
32.68052,10.49949,4
32.83537,10.55823,4
32.83537,10.55823,4
32.83537,10.55823,4
32.83537,10.55823,4
32.83537,10.55823,4
32.83537,10.55823,4
32.83537,10.55823,4
32.83537,10.55823,4
33.00588,10.62291,4
33.14644,10.67623,4
33.14644,10.67623,4
33.14644,10.67623,4
33.14644,10.67623,4
33.14644,10.67623,4
33.14644,10.67623,4
33.14644,10.67623,4
33.14644,10.67623,4
33.14644,10.67623,4
33.34961,10.75329,4
33.87485,-3.583944,4
33.95148,-5.675593,4
28.53171,6.778239,4
28.42135,7.031824,4
28.35581,7.182427,4
28.35581,7.182427,4
28.35581,7.182427,4
28.35581,7.182427,4
28.35581,7.182427,4
28.35581,7.182427,4
28.35581,7.182427,4
28.35581,7.182427,4
28.26896,7.381984,4
28.1855,7.573755,4
28.107,7.75414,4
28.107,7.75414,4
28.107,7.75414,4
28.107,7.75414,4
28.107,7.75414,4
28.107,7.75414,4
28.107,7.75414,4
28.107,7.75414,4
28.107,7.75414,4
28.01277,7.970667,4
27.92493,8.17249,4
27.92493,8.17249,4
27.92493,8.17249,4
28.02837,7.934816,4
28.02837,7.934816,4
28.02837,7.934816,4
28.02837,7.934816,4
28.02837,7.934816,4
28.02837,7.934816,4
28.02837,7.934816,4
28.02837,7.934816,4
28.02837,7.934816,4
27.95302,8.107948,4
28.01626,7.962644,4
27.93339,8.153051,4
27.93339,8.153051,4
27.93339,8.153051,4
27.93339,8.153051,4
27.93339,8.153051,4
27.93339,8.153051,4
27.93339,8.153051,4
27.93339,8.153051,4
27.93339,8.153051,4
28.02076,7.952312,4
17.38282,-1.290423,4
6.474222,-10.76833,4
-1.966039,-18.10163,4
-2.154349,-18.26525,4
-2.154349,-18.26525,4
-2.154349,-18.26525,4
-2.154349,-18.26525,4
-2.154349,-18.26525,4
-2.154349,-18.26525,4
-2.154349,-18.26525,4
-2.154349,-18.26525,4
-2.154349,-18.26525,4
-2.298353,-18.39037,4
-2.454512,-18.52605,4
-2.599663,-18.65216,4
-2.599663,-18.65216,4
-2.599663,-18.65216,4
-2.599663,-18.65216,4
-2.599663,-18.65216,4
-2.599663,-18.65216,4
-2.599663,-18.65216,4
-2.599663,-18.65216,4
-2.599663,-18.65216,4
-2.772682,-18.80249,4
-2.940247,-18.94808,4
-2.940247,-18.94808,4
-2.940247,-18.94808,4
-3.134101,-19.11651,4
-3.134101,-19.11651,4
-3.134101,-19.11651,4
-3.134101,-19.11651,4
-3.134101,-19.11651,4
-3.134101,-19.11651,4
-3.134101,-19.11651,4
-3.134101,-19.11651,4
-3.134101,-19.11651,4
-3.002938,-19.00255,4
-2.875143,-18.89156,4
-3.01878,-19.01631,4
-3.01878,-19.01631,4
-3.01878,-19.01631,4
-3.01878,-19.01631,4
-3.01878,-19.01631,4
-3.01878,-19.01631,4
-3.01878,-19.01631,4
-3.01878,-19.01631,4
-3.01878,-19.01631,4
-2.868478,-18.88577,4
-3.052058,-19.04522,4
-3.052058,-19.04522,4
-3.052058,-19.04522,4
-2.859473,-18.87794,4
-2.859473,-18.87794,4
-2.859473,-18.87794,4
-2.859473,-18.87794,4
-2.859473,-18.87794,4
-2.859473,-18.87794,4
-2.859473,-18.87794,4
-2.859473,-18.87794,4
-2.859473,-18.87794,4
-3.021783,-19.01892,4
-2.884677,-18.89984,4
-3.042699,-19.03709,4
-3.042699,-19.03709,4
-3.042699,-19.03709,4
-3.042699,-19.03709,4
-3.042699,-19.03709,4
-3.042699,-19.03709,4
-3.042699,-19.03709,4
-3.042699,-19.03709,4
-3.042699,-19.03709,4
-2.845782,-18.86605,4
10.78191,-14.47729,4
24.51373,-10.05501,4
10.33228,-10.87732,4
-4.170721,-11.7655,4
-6.517043,-11.90919,4
-6.517043,-11.90919,4
-6.517043,-11.90919,4
-6.517043,-11.90919,4
-6.517043,-11.90919,4
-6.517043,-11.90919,4
-6.517043,-11.90919,4
-6.517043,-11.90919,4
-6.690338,-11.9198,4
-6.868376,-11.9307,4
-7.08833,-11.94417,4
5.013893,-4.018382,4
17.18714,3.953912,4
29.38983,11.94549,4
30.38102,12.59462,4
30.38102,12.59462,4
31.39128,13.25626,4
31.16688,13.10929,4
29.98945,12.33818,4
31.2214,13.145,4
31.2214,13.145,4
31.2214,13.145,4
31.2214,13.145,4
31.2214,13.145,4
31.2214,13.145,4
30.88053,12.92176,4
30.88053,12.92176,4
30.88053,12.92176,4
30.88053,12.92176,4
30.88053,12.92176,4
30.88053,12.92176,4
30.88053,12.92176,4
30.88053,12.92176,4
32.72075,14.12694,4
32.10292,13.72231,4
29.55291,12.05229,4
32.49457,13.9788,4
32.49457,13.9788,4
32.49457,13.9788,4
32.49457,13.9788,4
32.49457,13.9788,4
32.49457,13.9788,4
32.49457,13.9788,4
32.49457,13.9788,4
32.49457,13.9788,4
29.24722,11.85209,4
33.18415,14.43042,4
33.18415,14.43042,4
33.18415,14.43042,4
33.18415,14.43042,4
33.18415,14.43042,4
33.18415,14.43042,4
33.18415,14.43042,4
33.18415,14.43042,4
33.18415,14.43042,4
33.18415,14.43042,4
30.51584,12.68292,4
33.23365,14.46284,4
32.0393,13.68065,4
28.70567,11.49742,4
28.70567,11.49742,4
28.70567,11.49742,4
28.70567,11.49742,4
28.70567,11.49742,4
28.70567,11.49742,4
28.70567,11.49742,4
28.70567,11.49742,4
28.70567,11.49742,4
32.66981,14.09357,4
32.66981,14.09357,4
32.66981,14.09357,4
32.66981,14.09357,4
32.66981,14.09357,4
32.66981,14.09357,4
32.66981,14.09357,4
32.66981,14.09357,4
32.66981,14.09357,4
32.66981,14.09357,4
32.66981,14.09357,4
32.66981,14.09357,4
32.66981,14.09357,4
32.66981,14.09357,4
32.66981,14.09357,4
32.66981,14.09357,4
32.66981,14.09357,4
32.66981,14.09357,4
32.66981,14.09357,4
32.66981,14.09357,4
32.66981,14.09357,4
32.66981,14.09357,4
32.66981,14.09357,4
32.66981,14.09357,4
32.66981,14.09357,4
32.66981,14.09357,4
32.66981,14.09357,4
32.66981,14.09357,4
32.66981,14.09357,4
32.66981,14.09357,4
32.66981,14.09357,4
32.66981,14.09357,4
32.66981,14.09357,4
32.66981,14.09357,4
32.66981,14.09357,4
32.66981,14.09357,4
32.66981,14.09357,4
32.66981,14.09357,4
32.66981,14.09357,4
32.66981,14.09357,4
32.66981,14.09357,4
32.66981,14.09357,4
32.66981,14.09357,4
32.66981,14.09357,4
32.66981,14.09357,4
32.66981,14.09357,4
32.66981,14.09357,4
32.66981,14.09357,4
32.66981,14.09357,4
32.66981,14.09357,4
32.66981,14.09357,4
32.66981,14.09357,4
32.66981,14.09357,4
32.66981,14.09357,4
32.66981,14.09357,4
32.66981,14.09357,4
32.66981,14.09357,4
32.66981,14.09357,4
32.66981,14.09357,4
32.66981,14.09357,4
32.66981,14.09357,4
32.66981,14.09357,4
32.66981,14.09357,4
32.66981,14.09357,4
32.66981,14.09357,4
32.66981,14.09357,4
32.66981,14.09357,4
32.66981,14.09357,4
32.66981,14.09357,4
32.66981,14.09357,4
32.66981,14.09357,4
32.66981,14.09357,4
32.66981,14.09357,4
32.66981,14.09357,4
32.66981,14.09357,4
32.66981,14.09357,4
32.66981,14.09357,4
32.66981,14.09357,4
32.66981,14.09357,4
32.66981,14.09357,4
32.66981,14.09357,4
32.66981,14.09357,4
32.66981,14.09357,4
32.66981,14.09357,4
32.66981,14.09357,4
32.66981,14.09357,4
32.66981,14.09357,4
32.66981,14.09357,4
32.66981,14.09357,4
32.66981,14.09357,4
32.66981,14.09357,4
32.66981,14.09357,4
32.66981,14.09357,4
32.66981,14.09357,4
32.66981,14.09357,4
32.66981,14.09357,4
32.66981,14.09357,4
32.66981,14.09357,4
32.66981,14.09357,4
32.66981,14.09357,4
32.66981,14.09357,4
32.66981,14.09357,4
32.66981,14.09357,4
32.66981,14.09357,4
32.66981,14.09357,4
32.66981,14.09357,4
32.66981,14.09357,4
32.66981,14.09357,4
32.66981,14.09357,4
32.66981,14.09357,4
32.66981,14.09357,4
32.66981,14.09357,4
32.66981,14.09357,4
32.66981,14.09357,4
32.66981,14.09357,4
32.66981,14.09357,4
32.66981,14.09357,4
32.66981,14.09357,4
32.66981,14.09357,4
32.66981,14.09357,4
32.66981,14.09357,4
32.66981,14.09357,4
32.66981,14.09357,4
32.66981,14.09357,4
32.66981,14.09357,4
32.66981,14.09357,4
32.66981,14.09357,4
32.66981,14.09357,4
32.66981,14.09357,4
32.66981,14.09357,4
32.66981,14.09357,4
32.66981,14.09357,4
32.66981,14.09357,4
32.66981,14.09357,4
32.66981,14.09357,4
32.66981,14.09357,4
32.66981,14.09357,4
32.66981,14.09357,4
32.66981,14.09357,4
32.66981,14.09357,4
32.66981,14.09357,4
32.66981,14.09357,4
32.66981,14.09357,4
32.66981,14.09357,4
32.66981,14.09357,4
32.66981,14.09357,4
32.66981,14.09357,4
32.66981,14.09357,4
32.66981,14.09357,4
32.66981,14.09357,4
32.66981,14.09357,4
32.66981,14.09357,4
32.66981,14.09357,4
32.66981,14.09357,4
32.66981,14.09357,4
32.66981,14.09357,4
32.66981,14.09357,4
32.66981,14.09357,4
32.66981,14.09357,4
32.66981,14.09357,4
32.66981,14.09357,4
32.66981,14.09357,4
32.66981,14.09357,4
32.66981,14.09357,4
32.66981,14.09357,4
32.66981,14.09357,4
32.66981,14.09357,4
32.66981,14.09357,4
32.66981,14.09357,4
32.66981,14.09357,4
32.66981,14.09357,4
32.66981,14.09357,4
32.66981,14.09357,4
32.66981,14.09357,4
32.66981,14.09357,4
32.66981,14.09357,4
32.66981,14.09357,4
32.66981,14.09357,4
32.66981,14.09357,4
32.66981,14.09357,4
32.66981,14.09357,4
32.66981,14.09357,4
32.66981,14.09357,4
32.66981,14.09357,4
32.66981,14.09357,4
32.66981,14.09357,4
32.66981,14.09357,4
32.66981,14.09357,4
32.66981,14.09357,4
32.66981,14.09357,4
32.66981,14.09357,4
32.66981,14.09357,4
32.66981,14.09357,4
32.66981,14.09357,4
32.66981,14.09357,4
32.66981,14.09357,4
32.66981,14.09357,4
32.66981,14.09357,4
32.66981,14.09357,4
32.66981,14.09357,4
32.66981,14.09357,4
32.66981,14.09357,4
32.66981,14.09357,4
32.66981,14.09357,4
32.66981,14.09357,4
32.66981,14.09357,4
32.66981,14.09357,4
32.66981,14.09357,4
32.66981,14.09357,4
32.66981,14.09357,4
32.66981,14.09357,4
32.66981,14.09357,4
32.66981,14.09357,4
32.66981,14.09357,4
32.66981,14.09357,4
32.66981,14.09357,4
32.66981,14.09357,4
32.66981,14.09357,4
32.66981,14.09357,4
32.66981,14.09357,4
32.66981,14.09357,4
32.66981,14.09357,4
32.66981,14.09357,4
32.66981,14.09357,4
32.66981,14.09357,4
32.66981,14.09357,4
32.66981,14.09357,4
32.66981,14.09357,4
32.66981,14.09357,4
32.66981,14.09357,4
32.66981,14.09357,4
32.66981,14.09357,4
32.66981,14.09357,4
32.66981,14.09357,4
32.66981,14.09357,4
32.66981,14.09357,4
32.66981,14.09357,4
32.66981,14.09357,4
32.66981,14.09357,4
32.66981,14.09357,4
32.66981,14.09357,4
32.66981,14.09357,4
32.66981,14.09357,4
32.66981,14.09357,4
32.66981,14.09357,4
32.66981,14.09357,4
32.66981,14.09357,4
32.66981,14.09357,4
32.66981,14.09357,4
32.66981,14.09357,4
32.66981,14.09357,4
32.66981,14.09357,4
32.66981,14.09357,4
32.66981,14.09357,4
32.66981,14.09357,4
32.66981,14.09357,4
32.66981,14.09357,4
32.66981,14.09357,4
32.66981,14.09357,4
32.66981,14.09357,4
32.66981,14.09357,4
32.66981,14.09357,4
32.66981,14.09357,4
32.66981,14.09357,4
32.66981,14.09357,4
32.66981,14.09357,4
32.66981,14.09357,4
32.66981,14.09357,4
32.66981,14.09357,4
32.66981,14.09357,4
32.66981,14.09357,4
32.66981,14.09357,4
32.66981,14.09357,4
32.66981,14.09357,4
32.66981,14.09357,4
32.66981,14.09357,4
32.66981,14.09357,4
32.66981,14.09357,4
32.66981,14.09357,4
32.66981,14.09357,4
32.66981,14.09357,4
32.66981,14.09357,4
32.66981,14.09357,4
32.66981,14.09357,4
32.66981,14.09357,4
32.66981,14.09357,4
32.66981,14.09357,4
32.66981,14.09357,4
32.66981,14.09357,4
32.66981,14.09357,4
32.66981,14.09357,4
32.66981,14.09357,4
32.66981,14.09357,4
32.66981,14.09357,4
32.66981,14.09357,4
32.66981,14.09357,4
32.66981,14.09357,4
32.66981,14.09357,4
32.66981,14.09357,4
32.66981,14.09357,4
32.66981,14.09357,4
32.66981,14.09357,4
32.66981,14.09357,4
32.66981,14.09357,4
32.66981,14.09357,4
32.66981,14.09357,4
32.66981,14.09357,4
32.66981,14.09357,4
32.66981,14.09357,4
32.66981,14.09357,4
32.66981,14.09357,4
32.66981,14.09357,4
32.66981,14.09357,4
32.66981,14.09357,4
32.66981,14.09357,4
32.66981,14.09357,4
32.66981,14.09357,4
32.66981,14.09357,4
32.66981,14.09357,4
32.66981,14.09357,4
32.66981,14.09357,4
32.66981,14.09357,4
32.66981,14.09357,4
32.66981,14.09357,4
32.66981,14.09357,4
32.66981,14.09357,4
32.66981,14.09357,4
32.66981,14.09357,4
32.66981,14.09357,4
32.66981,14.09357,4
32.66981,14.09357,4
32.66981,14.09357,4
32.66981,14.09357,4
32.66981,14.09357,4
32.66981,14.09357,4
32.66981,14.09357,4
32.66981,14.09357,4
32.66981,14.09357,4
32.66981,14.09357,4
32.66981,14.09357,4
32.66981,14.09357,4
32.66981,14.09357,4
32.66981,14.09357,4
32.66981,14.09357,4
32.66981,14.09357,4
32.66981,14.09357,4
32.66981,14.09357,4
32.66981,14.09357,4
32.66981,14.09357,4
32.66981,14.09357,4
32.66981,14.09357,4
32.66981,14.09357,4
32.66981,14.09357,4
32.66981,14.09357,4
32.66981,14.09357,4
32.66981,14.09357,4
32.66981,14.09357,4
32.66981,14.09357,4
32.66981,14.09357,4
32.66981,14.09357,4
32.66981,14.09357,4
32.66981,14.09357,4
32.66981,14.09357,4
32.66981,14.09357,4
32.66981,14.09357,4
32.66981,14.09357,4
32.66981,14.09357,4
32.66981,14.09357,4
32.66981,14.09357,4
32.66981,14.09357,4
32.66981,14.09357,4
32.66981,14.09357,4
32.66981,14.09357,4
32.66981,14.09357,4
32.66981,14.09357,4
32.66981,14.09357,4
32.66981,14.09357,4
32.66981,14.09357,4
32.66981,14.09357,4
32.66981,14.09357,4
32.66981,14.09357,4
32.66981,14.09357,4
32.66981,14.09357,4
32.66981,14.09357,4
32.66981,14.09357,4
32.66981,14.09357,4
32.66981,14.09357,4
32.66981,14.09357,4
32.66981,14.09357,4
32.66981,14.09357,4
32.66981,14.09357,4
32.66981,14.09357,4
32.66981,14.09357,4
32.66981,14.09357,4
32.66981,14.09357,4
32.66981,14.09357,4
32.66981,14.09357,4
32.66981,14.09357,4
32.66981,14.09357,4
32.66981,14.09357,4
32.66981,14.09357,4
32.66981,14.09357,4
32.66981,14.09357,4
32.66981,14.09357,4
32.66981,14.09357,4
32.66981,14.09357,4
32.66981,14.09357,4
32.66981,14.09357,4
32.66981,14.09357,4
32.66981,14.09357,4
32.66981,14.09357,4
32.66981,14.09357,4
32.66981,14.09357,4
32.66981,14.09357,4
32.66981,14.09357,4
32.66981,14.09357,4
32.66981,14.09357,4
32.66981,14.09357,4
32.66981,14.09357,4
32.66981,14.09357,4
32.66981,14.09357,4
32.66981,14.09357,4
32.66981,14.09357,4
32.66981,14.09357,4
32.66981,14.09357,4
32.66981,14.09357,4
32.66981,14.09357,4
32.66981,14.09357,4
32.66981,14.09357,4
32.66981,14.09357,4
32.66981,14.09357,4
32.66981,14.09357,4
32.66981,14.09357,4
32.66981,14.09357,4
32.66981,14.09357,4
32.66981,14.09357,4
32.66981,14.09357,4
32.66981,14.09357,4
32.66981,14.09357,4
32.66981,14.09357,4
32.66981,14.09357,4
32.66981,14.09357,4
32.66981,14.09357,4
32.66981,14.09357,4
32.66981,14.09357,4
32.66981,14.09357,4
32.66981,14.09357,4
32.66981,14.09357,4
32.66981,14.09357,4
32.66981,14.09357,4
32.66981,14.09357,4
32.66981,14.09357,4
32.66981,14.09357,4
32.66981,14.09357,4
32.66981,14.09357,4
32.66981,14.09357,4
32.66981,14.09357,4
32.66981,14.09357,4
32.66981,14.09357,4
32.66981,14.09357,4
32.66981,14.09357,4
32.66981,14.09357,4
32.66981,14.09357,4
32.66981,14.09357,4
32.66981,14.09357,4
32.66981,14.09357,4
32.66981,14.09357,4
32.66981,14.09357,4
32.66981,14.09357,4
32.66981,14.09357,4
32.66981,14.09357,4
32.66981,14.09357,4
32.66981,14.09357,4
32.66981,14.09357,4
32.66981,14.09357,4
32.66981,14.09357,4
32.66981,14.09357,4
32.66981,14.09357,4
32.66981,14.09357,4
32.66981,14.09357,4
32.66981,14.09357,4
32.66981,14.09357,4
32.66981,14.09357,4
32.66981,14.09357,4
32.66981,14.09357,4
32.66981,14.09357,4
32.66981,14.09357,4
32.66981,14.09357,4
32.66981,14.09357,4
32.66981,14.09357,4
32.66981,14.09357,4
32.66981,14.09357,4
32.66981,14.09357,4
32.66981,14.09357,4
32.66981,14.09357,4
32.66981,14.09357,4
32.66981,14.09357,4
32.66981,14.09357,4
32.66981,14.09357,4
32.66981,14.09357,4
32.66981,14.09357,4
32.66981,14.09357,4
32.66981,14.09357,4
32.66981,14.09357,4
32.66981,14.09357,4
32.66981,14.09357,4
32.66981,14.09357,4
32.66981,14.09357,4
32.66981,14.09357,4
32.66981,14.09357,4
32.66981,14.09357,4
32.66981,14.09357,4
32.66981,14.09357,4
32.66981,14.09357,4
32.66981,14.09357,4
32.66981,14.09357,4
32.66981,14.09357,4
32.66981,14.09357,4
32.66981,14.09357,4
32.66981,14.09357,4
32.66981,14.09357,4
32.66981,14.09357,4
32.66981,14.09357,4
32.66981,14.09357,4
32.66981,14.09357,4
32.66981,14.09357,4
32.66981,14.09357,4
32.66981,14.09357,4
32.66981,14.09357,4
32.66981,14.09357,4
32.66981,14.09357,4
32.66981,14.09357,4
32.66981,14.09357,4
32.66981,14.09357,4
32.66981,14.09357,4
32.66981,14.09357,4
32.66981,14.09357,4
32.66981,14.09357,4
32.66981,14.09357,4
32.66981,14.09357,4
32.66981,14.09357,4
32.66981,14.09357,4
32.66981,14.09357,4
32.66981,14.09357,4
32.66981,14.09357,4
32.66981,14.09357,4
32.66981,14.09357,4
32.66981,14.09357,4
32.66981,14.09357,4
32.66981,14.09357,4
32.66981,14.09357,4
32.66981,14.09357,4
32.66981,14.09357,4
32.66981,14.09357,4
32.66981,14.09357,4
32.66981,14.09357,4
32.66981,14.09357,4
32.66981,14.09357,4
32.66981,14.09357,4
32.66981,14.09357,4
32.66981,14.09357,4
32.66981,14.09357,4
32.66981,14.09357,4
32.66981,14.09357,4
32.66981,14.09357,4
32.66981,14.09357,4
32.66981,14.09357,4
32.66981,14.09357,4
32.66981,14.09357,4
32.66981,14.09357,4
32.66981,14.09357,4
32.66981,14.09357,4
32.66981,14.09357,4
32.66981,14.09357,4
32.66981,14.09357,4
32.66981,14.09357,4
32.66981,14.09357,4
32.66981,14.09357,4
32.66981,14.09357,4
32.66981,14.09357,4
32.66981,14.09357,4
32.66981,14.09357,4
32.66981,14.09357,4
32.66981,14.09357,4
32.66981,14.09357,4
32.66981,14.09357,4
32.66981,14.09357,4
32.66981,14.09357,4
32.66981,14.09357,4
32.66981,14.09357,4
32.66981,14.09357,4
32.66981,14.09357,4
32.66981,14.09357,4
32.66981,14.09357,4
32.66981,14.09357,4
32.66981,14.09357,4
32.66981,14.09357,4
32.66981,14.09357,4
32.66981,14.09357,4
32.66981,14.09357,4
32.66981,14.09357,4
32.66981,14.09357,4
32.66981,14.09357,4
32.66981,14.09357,4
32.66981,14.09357,4
32.66981,14.09357,4
32.66981,14.09357,4
32.66981,14.09357,4
32.66981,14.09357,4
32.66981,14.09357,4
32.66981,14.09357,4
32.66981,14.09357,4
32.66981,14.09357,4
32.66981,14.09357,4
32.66981,14.09357,4
32.66981,14.09357,4
32.66981,14.09357,4
32.66981,14.09357,4
32.66981,14.09357,4
32.66981,14.09357,4
32.66981,14.09357,4
32.66981,14.09357,4
32.66981,14.09357,4
32.66981,14.09357,4
32.66981,14.09357,4
32.66981,14.09357,4
32.66981,14.09357,4
32.66981,14.09357,4
32.66981,14.09357,4
32.66981,14.09357,4
32.66981,14.09357,4
32.66981,14.09357,4
32.66981,14.09357,4
32.66981,14.09357,4
32.66981,14.09357,4
32.66981,14.09357,4
32.66981,14.09357,4
32.66981,14.09357,4
32.66981,14.09357,4
32.66981,14.09357,4
32.66981,14.09357,4
32.66981,14.09357,4
32.66981,14.09357,4
32.66981,14.09357,4
32.66981,14.09357,4
32.66981,14.09357,4
32.66981,14.09357,4
32.66981,14.09357,4
32.66981,14.09357,4
32.66981,14.09357,4
32.66981,14.09357,4
32.66981,14.09357,4
32.66981,14.09357,4
32.66981,14.09357,4
32.66981,14.09357,4
32.66981,14.09357,4
32.66981,14.09357,4
32.66981,14.09357,4
32.66981,14.09357,4
32.66981,14.09357,4
32.66981,14.09357,4
32.66981,14.09357,4
32.66981,14.09357,4
32.66981,14.09357,4
32.66981,14.09357,4
32.66981,14.09357,4
32.66981,14.09357,4
32.66981,14.09357,4
32.66981,14.09357,4
32.66981,14.09357,4
32.66981,14.09357,4
32.66981,14.09357,4
32.66981,14.09357,4
32.66981,14.09357,4
32.66981,14.09357,4
32.66981,14.09357,4
32.66981,14.09357,4
32.66981,14.09357,4
32.66981,14.09357,4
32.66981,14.09357,4
32.66981,14.09357,4
32.66981,14.09357,4
32.66981,14.09357,4
32.66981,14.09357,4
32.66981,14.09357,4
32.66981,14.09357,4
32.66981,14.09357,4
32.66981,14.09357,4
32.66981,14.09357,4
32.66981,14.09357,4
32.66981,14.09357,4
32.66981,14.09357,4
32.66981,14.09357,4
32.66981,14.09357,4
32.66981,14.09357,4
32.66981,14.09357,4
32.66981,14.09357,4
32.66981,14.09357,4
32.66981,14.09357,4
32.66981,14.09357,4
32.66981,14.09357,4
32.66981,14.09357,4
32.66981,14.09357,4
32.66981,14.09357,4
32.66981,14.09357,4
32.66981,14.09357,4
32.66981,14.09357,4
32.66981,14.09357,4
32.66981,14.09357,4
32.66981,14.09357,4
32.66981,14.09357,4
32.66981,14.09357,4
32.66981,14.09357,4
32.66981,14.09357,4
32.66981,14.09357,4
32.66981,14.09357,4
32.66981,14.09357,4
32.66981,14.09357,4
32.66981,14.09357,4
32.66981,14.09357,4
32.66981,14.09357,4
32.66981,14.09357,4
32.66981,14.09357,4
32.66981,14.09357,4
32.66981,14.09357,4
32.66981,14.09357,4
32.66981,14.09357,4
32.66981,14.09357,4
32.66981,14.09357,4
32.66981,14.09357,4
32.66981,14.09357,4
32.66981,14.09357,4
32.66981,14.09357,4
32.66981,14.09357,4
32.66981,14.09357,4
32.66981,14.09357,4
32.66981,14.09357,4
32.66981,14.09357,4
32.66981,14.09357,4
32.66981,14.09357,4
32.66981,14.09357,4
32.66981,14.09357,4
32.66981,14.09357,4
32.66981,14.09357,4
32.66981,14.09357,4
32.66981,14.09357,4
32.66981,14.09357,4
32.66981,14.09357,4
32.66981,14.09357,4
32.66981,14.09357,4
32.66981,14.09357,4
32.66981,14.09357,4
32.66981,14.09357,4
32.66981,14.09357,4
32.66981,14.09357,4
32.66981,14.09357,4
32.66981,14.09357,4
32.66981,14.09357,4
32.66981,14.09357,4
32.66981,14.09357,4
32.66981,14.09357,4
32.66981,14.09357,4
32.66981,14.09357,4
32.66981,14.09357,4
32.66981,14.09357,4
32.66981,14.09357,4
32.66981,14.09357,4
32.66981,14.09357,4
32.66981,14.09357,4
32.66981,14.09357,4
32.66981,14.09357,4
32.66981,14.09357,4
32.66981,14.09357,4
32.66981,14.09357,4
32.66981,14.09357,4
32.66981,14.09357,4
32.66981,14.09357,4
32.66981,14.09357,4
32.66981,14.09357,4
32.66981,14.09357,4
32.66981,14.09357,4
32.66981,14.09357,4
32.66981,14.09357,4
32.66981,14.09357,4
32.66981,14.09357,4
32.66981,14.09357,4
32.66981,14.09357,4
32.66981,14.09357,4
32.66981,14.09357,4
32.66981,14.09357,4
32.66981,14.09357,4
32.66981,14.09357,4
32.66981,14.09357,4
32.66981,14.09357,4
32.66981,14.09357,4
32.66981,14.09357,4
32.66981,14.09357,4
32.66981,14.09357,4
32.66981,14.09357,4
32.66981,14.09357,4
32.66981,14.09357,4
32.66981,14.09357,4
32.66981,14.09357,4
32.66981,14.09357,4
32.66981,14.09357,4
32.66981,14.09357,4
32.66981,14.09357,4
32.66981,14.09357,4
32.66981,14.09357,4
32.66981,14.09357,4
32.66981,14.09357,4
32.66981,14.09357,4
32.66981,14.09357,4
32.66981,14.09357,4
32.66981,14.09357,4
32.66981,14.09357,4
32.66981,14.09357,4
32.66981,14.09357,4
32.66981,14.09357,4
32.66981,14.09357,4
32.66981,14.09357,4
32.66981,14.09357,4
32.66981,14.09357,4
32.66981,14.09357,4
32.66981,14.09357,4
32.66981,14.09357,4
32.66981,14.09357,4
32.66981,14.09357,4
32.66981,14.09357,4
32.66981,14.09357,4
32.66981,14.09357,4
32.66981,14.09357,4
32.66981,14.09357,4
32.66981,14.09357,4
32.66981,14.09357,4
32.66981,14.09357,4
32.66981,14.09357,4
32.66981,14.09357,4
32.66981,14.09357,4
32.66981,14.09357,4
32.66981,14.09357,4
32.66981,14.09357,4
32.66981,14.09357,4
32.66981,14.09357,4
32.66981,14.09357,4
32.66981,14.09357,4
32.66981,14.09357,4
32.66981,14.09357,4
32.66981,14.09357,4
32.66981,14.09357,4
32.66981,14.09357,4
32.66981,14.09357,4
32.66981,14.09357,4
32.66981,14.09357,4
32.66981,14.09357,4
32.66981,14.09357,4
32.66981,14.09357,4
32.66981,14.09357,4
32.66981,14.09357,4
32.66981,14.09357,4
32.66981,14.09357,4
32.66981,14.09357,4
32.66981,14.09357,4
32.66981,14.09357,4
32.66981,14.09357,4
32.66981,14.09357,4
32.66981,14.09357,4
32.66981,14.09357,4
32.66981,14.09357,4
32.66981,14.09357,4
32.66981,14.09357,4
32.66981,14.09357,4
32.66981,14.09357,4
32.66981,14.09357,4
32.66981,14.09357,4
32.66981,14.09357,4
32.66981,14.09357,4
32.66981,14.09357,4
32.66981,14.09357,4
32.66981,14.09357,4
32.66981,14.09357,4
32.66981,14.09357,4
32.66981,14.09357,4
32.66981,14.09357,4
32.66981,14.09357,4
32.66981,14.09357,4
32.66981,14.09357,4
32.66981,14.09357,4
32.66981,14.09357,4
32.66981,14.09357,4
32.66981,14.09357,4
32.66981,14.09357,4
32.66981,14.09357,4
32.66981,14.09357,4
32.66981,14.09357,4
32.66981,14.09357,4
32.66981,14.09357,4
32.66981,14.09357,4
32.66981,14.09357,4
32.66981,14.09357,4
32.66981,14.09357,4
32.66981,14.09357,4
32.66981,14.09357,4
32.66981,14.09357,4
32.66981,14.09357,4
32.66981,14.09357,4
32.66981,14.09357,4
32.66981,14.09357,4
32.66981,14.09357,4
32.66981,14.09357,4
32.66981,14.09357,4
32.66981,14.09357,4
32.66981,14.09357,4
32.66981,14.09357,4
32.66981,14.09357,4
32.66981,14.09357,4
32.66981,14.09357,4
32.66981,14.09357,4
32.66981,14.09357,4
32.66981,14.09357,4
32.66981,14.09357,4
32.66981,14.09357,4
32.66981,14.09357,4
32.66981,14.09357,4
32.66981,14.09357,4
32.66981,14.09357,4
32.66981,14.09357,4
32.66981,14.09357,4
32.66981,14.09357,4
32.66981,14.09357,4
32.66981,14.09357,4
32.66981,14.09357,4
32.66981,14.09357,4
32.66981,14.09357,4
32.66981,14.09357,4
32.66981,14.09357,4
32.66981,14.09357,4
32.66981,14.09357,4
32.66981,14.09357,4
32.66981,14.09357,4
32.66981,14.09357,4
32.66981,14.09357,4
32.66981,14.09357,4
32.66981,14.09357,4
32.66981,14.09357,4
32.66981,14.09357,4
32.66981,14.09357,4
32.66981,14.09357,4
32.66981,14.09357,4
32.66981,14.09357,4
32.66981,14.09357,4
32.66981,14.09357,4
32.66981,14.09357,4
32.66981,14.09357,4
32.66981,14.09357,4
32.66981,14.09357,4
32.66981,14.09357,4
32.66981,14.09357,4
32.66981,14.09357,4
32.66981,14.09357,4
32.66981,14.09357,4
32.66981,14.09357,4
32.66981,14.09357,4
32.66981,14.09357,4
32.66981,14.09357,4
32.66981,14.09357,4
32.66981,14.09357,4
32.66981,14.09357,4
32.66981,14.09357,4
32.66981,14.09357,4
32.66981,14.09357,4
32.66981,14.09357,4
32.66981,14.09357,4
32.66981,14.09357,4
32.66981,14.09357,4
32.66981,14.09357,4
32.66981,14.09357,4
32.66981,14.09357,4
32.66981,14.09357,4
32.66981,14.09357,4
32.66981,14.09357,4
32.66981,14.09357,4
32.66981,14.09357,4
32.66981,14.09357,4
32.66981,14.09357,4
32.66981,14.09357,4
32.66981,14.09357,4
32.66981,14.09357,4
32.66981,14.09357,4
32.66981,14.09357,4
32.66981,14.09357,4
32.66981,14.09357,4
32.66981,14.09357,4
32.66981,14.09357,4
32.66981,14.09357,4
32.66981,14.09357,4
32.66981,14.09357,4
32.66981,14.09357,4
32.66981,14.09357,4
32.66981,14.09357,4
32.66981,14.09357,4
32.66981,14.09357,4
32.66981,14.09357,4
32.66981,14.09357,4
32.66981,14.09357,4
32.66981,14.09357,4
32.66981,14.09357,4
32.66981,14.09357,4
32.66981,14.09357,4
32.66981,14.09357,4
32.66981,14.09357,4
32.66981,14.09357,4
32.66981,14.09357,4
32.66981,14.09357,4
32.66981,14.09357,4
32.66981,14.09357,4
32.66981,14.09357,4
32.66981,14.09357,4
32.66981,14.09357,4
32.66981,14.09357,4
32.66981,14.09357,4
32.66981,14.09357,4
32.66981,14.09357,4
32.66981,14.09357,4
32.66981,14.09357,4
32.66981,14.09357,4
32.66981,14.09357,4
32.66981,14.09357,4
32.66981,14.09357,4
32.66981,14.09357,4
32.66981,14.09357,4
32.66981,14.09357,4
32.66981,14.09357,4
32.66981,14.09357,4
32.66981,14.09357,4
32.66981,14.09357,4
32.66981,14.09357,4
32.66981,14.09357,4
32.66981,14.09357,4
32.66981,14.09357,4
32.66981,14.09357,4
32.66981,14.09357,4
32.66981,14.09357,4
32.66981,14.09357,4
32.66981,14.09357,4
32.66981,14.09357,4
32.66981,14.09357,4
32.66981,14.09357,4
32.66981,14.09357,4
32.66981,14.09357,4
32.66981,14.09357,4
32.66981,14.09357,4
32.66981,14.09357,4
32.66981,14.09357,4
32.66981,14.09357,4
32.66981,14.09357,4
32.66981,14.09357,4
32.66981,14.09357,4
32.66981,14.09357,4
32.66981,14.09357,4
32.66981,14.09357,4
32.66981,14.09357,4
32.66981,14.09357,4
32.66981,14.09357,4
32.66981,14.09357,4
32.66981,14.09357,4
32.66981,14.09357,4
32.66981,14.09357,4
32.66981,14.09357,4
32.66981,14.09357,4
32.66981,14.09357,4
32.66981,14.09357,4
32.66981,14.09357,4
32.66981,14.09357,4
32.66981,14.09357,4
32.66981,14.09357,4
32.66981,14.09357,4
32.66981,14.09357,4
32.66981,14.09357,4
32.66981,14.09357,4
32.66981,14.09357,4
32.66981,14.09357,4
32.66981,14.09357,4
32.66981,14.09357,4
32.66981,14.09357,4
32.66981,14.09357,4
32.66981,14.09357,4
32.66981,14.09357,4
32.66981,14.09357,4
32.66981,14.09357,4
32.66981,14.09357,4
32.66981,14.09357,4
32.66981,14.09357,4
32.66981,14.09357,4
32.66981,14.09357,4
32.66981,14.09357,4
32.66981,14.09357,4
32.66981,14.09357,4
32.66981,14.09357,4
32.66981,14.09357,4
32.66981,14.09357,4
32.66981,14.09357,4
32.66981,14.09357,4
32.66981,14.09357,4
32.66981,14.09357,4
32.66981,14.09357,4
32.66981,14.09357,4
32.66981,14.09357,4
32.66981,14.09357,4
32.66981,14.09357,4
32.66981,14.09357,4
32.66981,14.09357,4
32.66981,14.09357,4
32.66981,14.09357,4
32.66981,14.09357,4
32.66981,14.09357,4
32.66981,14.09357,4
32.66981,14.09357,4
32.66981,14.09357,4
32.66981,14.09357,4
32.66981,14.09357,4
32.66981,14.09357,4
32.66981,14.09357,4
32.66981,14.09357,4
32.66981,14.09357,4
32.66981,14.09357,4
32.66981,14.09357,4
32.66981,14.09357,4
32.66981,14.09357,4
32.66981,14.09357,4
32.66981,14.09357,4
32.66981,14.09357,4
32.66981,14.09357,4
32.66981,14.09357,4
32.66981,14.09357,4
32.66981,14.09357,4
32.66981,14.09357,4
32.66981,14.09357,4
32.66981,14.09357,4
32.66981,14.09357,4
32.66981,14.09357,4
32.66981,14.09357,4
32.66981,14.09357,4
32.66981,14.09357,4
32.66981,14.09357,4
32.66981,14.09357,4
32.66981,14.09357,4
32.66981,14.09357,4
32.66981,14.09357,4
32.66981,14.09357,4
32.66981,14.09357,4
32.66981,14.09357,4
32.66981,14.09357,4
32.66981,14.09357,4
32.66981,14.09357,4
32.66981,14.09357,4
32.66981,14.09357,4
32.66981,14.09357,4
32.66981,14.09357,4
32.66981,14.09357,4
32.66981,14.09357,4
32.66981,14.09357,4
32.66981,14.09357,4
32.66981,14.09357,4
32.66981,14.09357,4
32.66981,14.09357,4
32.66981,14.09357,4
32.66981,14.09357,4
32.66981,14.09357,4
32.66981,14.09357,4
32.66981,14.09357,4
32.66981,14.09357,4
32.66981,14.09357,4
32.66981,14.09357,4
32.66981,14.09357,4
32.66981,14.09357,4
32.66981,14.09357,4
32.66981,14.09357,4
32.66981,14.09357,4
32.66981,14.09357,4
32.66981,14.09357,4
32.66981,14.09357,4
32.66981,14.09357,4
32.66981,14.09357,4
32.66981,14.09357,4
32.66981,14.09357,4
32.66981,14.09357,4
32.66981,14.09357,4
32.66981,14.09357,4
32.66981,14.09357,4
32.66981,14.09357,4
32.66981,14.09357,4
32.66981,14.09357,4
32.66981,14.09357,4
32.66981,14.09357,4
32.66981,14.09357,4
32.66981,14.09357,4
32.66981,14.09357,4
32.66981,14.09357,4
32.66981,14.09357,4
32.66981,14.09357,4
32.66981,14.09357,4
32.66981,14.09357,4
32.66981,14.09357,4
32.66981,14.09357,4
32.66981,14.09357,4
32.66981,14.09357,4
32.66981,14.09357,4
32.66981,14.09357,4
32.66981,14.09357,4
32.66981,14.09357,4
32.66981,14.09357,4
32.66981,14.09357,4
32.66981,14.09357,4
32.66981,14.09357,4
32.66981,14.09357,4
32.66981,14.09357,4
32.66981,14.09357,4
32.66981,14.09357,4
32.66981,14.09357,4
32.66981,14.09357,4
32.66981,14.09357,4
32.66981,14.09357,4
32.66981,14.09357,4
32.66981,14.09357,4
32.66981,14.09357,4
32.66981,14.09357,4
32.66981,14.09357,4
32.66981,14.09357,4
32.66981,14.09357,4
32.66981,14.09357,4
32.66981,14.09357,4
32.66981,14.09357,4
32.66981,14.09357,4
32.66981,14.09357,4
32.66981,14.09357,4
32.66981,14.09357,4
32.66981,14.09357,4
32.66981,14.09357,4
32.66981,14.09357,4
32.66981,14.09357,4
32.66981,14.09357,4
32.66981,14.09357,4
32.66981,14.09357,4
32.66981,14.09357,4
32.66981,14.09357,4
32.66981,14.09357,4
32.66981,14.09357,4
32.66981,14.09357,4
32.66981,14.09357,4
32.66981,14.09357,4
32.66981,14.09357,4
32.66981,14.09357,4
32.66981,14.09357,4
32.66981,14.09357,4
32.66981,14.09357,4
32.66981,14.09357,4
32.66981,14.09357,4
32.66981,14.09357,4
32.66981,14.09357,4
32.66981,14.09357,4
32.66981,14.09357,4
32.66981,14.09357,4
32.66981,14.09357,4
32.66981,14.09357,4
32.66981,14.09357,4
32.66981,14.09357,4
32.66981,14.09357,4
32.66981,14.09357,4
32.66981,14.09357,4
32.66981,14.09357,4
32.66981,14.09357,4
32.66981,14.09357,4
32.66981,14.09357,4
32.66981,14.09357,4
32.66981,14.09357,4
32.66981,14.09357,4
32.66981,14.09357,4
32.66981,14.09357,4
32.66981,14.09357,4
32.66981,14.09357,4
32.66981,14.09357,4
32.66981,14.09357,4
32.66981,14.09357,4
32.66981,14.09357,4
32.66981,14.09357,4
32.66981,14.09357,4
32.66981,14.09357,4
32.66981,14.09357,4
32.66981,14.09357,4
32.66981,14.09357,4
32.66981,14.09357,4
32.66981,14.09357,4
32.66981,14.09357,4
32.66981,14.09357,4
32.66981,14.09357,4
32.66981,14.09357,4
32.66981,14.09357,4
32.66981,14.09357,4
32.66981,14.09357,4
32.66981,14.09357,4
32.66981,14.09357,4
32.66981,14.09357,4
32.66981,14.09357,4
32.66981,14.09357,4
32.66981,14.09357,4
32.66981,14.09357,4
32.66981,14.09357,4
32.66981,14.09357,4
32.66981,14.09357,4
32.66981,14.09357,4
32.66981,14.09357,4
32.66981,14.09357,4
32.66981,14.09357,4
32.66981,14.09357,4
32.66981,14.09357,4
32.66981,14.09357,4
32.66981,14.09357,4
32.66981,14.09357,4
32.66981,14.09357,4
32.66981,14.09357,4
32.66981,14.09357,4
32.66981,14.09357,4
32.66981,14.09357,4
32.66981,14.09357,4
32.66981,14.09357,4
32.66981,14.09357,4
32.66981,14.09357,4
32.66981,14.09357,4
32.66981,14.09357,4
32.66981,14.09357,4
32.66981,14.09357,4
32.66981,14.09357,4
32.66981,14.09357,4
32.66981,14.09357,4
32.66981,14.09357,4
32.66981,14.09357,4
32.66981,14.09357,4
32.66981,14.09357,4
32.66981,14.09357,4
32.66981,14.09357,4
32.66981,14.09357,4
32.66981,14.09357,4
32.66981,14.09357,4
32.66981,14.09357,4
32.66981,14.09357,4
32.66981,14.09357,4
32.66981,14.09357,4
32.66981,14.09357,4
32.66981,14.09357,4
32.66981,14.09357,4
32.66981,14.09357,4
32.66981,14.09357,4
32.66981,14.09357,4
32.66981,14.09357,4
32.66981,14.09357,4
32.66981,14.09357,4
32.66981,14.09357,4
32.66981,14.09357,4
32.66981,14.09357,4
32.66981,14.09357,4
32.66981,14.09357,4
32.66981,14.09357,4
32.66981,14.09357,4
32.66981,14.09357,4
32.66981,14.09357,4
32.66981,14.09357,4
32.66981,14.09357,4
32.66981,14.09357,4
32.66981,14.09357,4
32.66981,14.09357,4
32.66981,14.09357,4
32.66981,14.09357,4
32.66981,14.09357,4
32.66981,14.09357,4
32.66981,14.09357,4
32.66981,14.09357,4
32.66981,14.09357,4
32.66981,14.09357,4
32.66981,14.09357,4
32.66981,14.09357,4
32.66981,14.09357,4
32.66981,14.09357,4
32.66981,14.09357,4
32.66981,14.09357,4
32.66981,14.09357,4
32.66981,14.09357,4
32.66981,14.09357,4
32.66981,14.09357,4
32.66981,14.09357,4
32.66981,14.09357,4
32.66981,14.09357,4
32.66981,14.09357,4
32.66981,14.09357,4
32.66981,14.09357,4
32.66981,14.09357,4
32.66981,14.09357,4
32.66981,14.09357,4
36.75532,0.3151847,4
40.59971,-12.65005,4
40.59971,-12.65005,4
40.59971,-12.65005,4
40.59971,-12.65005,4
40.59971,-12.65005,4
40.59971,-12.65005,4
40.59971,-12.65005,4
40.67214,-12.89431,4
40.67214,-12.89431,4
40.67214,-12.89431,4
40.67214,-12.89431,4
40.67214,-12.89431,4
40.67214,-12.89431,4
40.67214,-12.89431,4
40.67214,-12.89431,4
40.67214,-12.89431,4
31.17229,-2.26388,4
22.90319,6.989316,4
22.78326,7.123522,4
22.57376,7.35795,4
22.57376,7.35795,4
22.57376,7.35795,4
22.57376,7.35795,4
22.57376,7.35795,4
22.57376,7.35795,4
22.57376,7.35795,4
22.57376,7.35795,4
22.57376,7.35795,4
22.57376,7.35795,4
22.45272,7.493399,4
22.35767,7.599768,4
22.23302,7.739253,4
22.23302,7.739253,4
22.23302,7.739253,4
22.23302,7.739253,4
22.23302,7.739253,4
22.23302,7.739253,4
22.23302,7.739253,4
22.23302,7.739253,4
22.23302,7.739253,4
22.097,7.891455,4
21.95364,8.051881,4
26.55979,8.012357,4
26.55979,8.012357,4
26.55979,8.012357,4
26.55979,8.012357,4
26.72669,8.010924,4
26.72669,8.010924,4
26.72669,8.010924,4
26.72669,8.010924,4
26.72669,8.010924,4
26.72669,8.010924,4
26.72669,8.010924,4
26.72669,8.010924,4
26.90206,8.009419,4
27.10256,8.007699,4
27.10256,8.007699,4
27.10256,8.007699,4
27.10256,8.007699,4
27.10256,8.007699,4
27.10256,8.007699,4
27.10256,8.007699,4
27.10256,8.007699,4
27.10256,8.007699,4
27.29929,8.006011,4
27.49953,8.004293,4
27.49953,8.004293,4
27.49953,8.004293,4
27.7443,8.002193,4
27.7443,8.002193,4
27.7443,8.002193,4
27.7443,8.002193,4
27.7443,8.002193,4
27.7443,8.002193,4
27.7443,8.002193,4
27.7443,8.002193,4
27.7443,8.002193,4
27.9182,8.000702,4
28.13632,7.99883,4
27.93559,8.000552,4
27.93559,8.000552,4
27.93559,8.000552,4
27.93559,8.000552,4
27.93559,8.000552,4
27.93559,8.000552,4
27.93559,8.000552,4
27.93559,8.000552,4
27.93559,8.000552,4
28.13696,7.998826,4
14.01592,4.870707,4
-0.1624308,1.729891,4
-3.629945,-12.23159,4
-4.669735,-16.60947,4
-4.669735,-16.60947,4
-4.714468,-16.79781,4
-4.714468,-16.79781,4
-4.714468,-16.79781,4
-4.714468,-16.79781,4
-4.714468,-16.79781,4
-4.714468,-16.79781,4
-4.714468,-16.79781,4
-4.714468,-16.79781,4
-4.757067,-16.97717,4
-4.803791,-17.17389,4
-4.842177,-17.33551,4
-4.842177,-17.33551,4
-4.842177,-17.33551,4
-4.842177,-17.33551,4
-4.842177,-17.33551,4
-4.842177,-17.33551,4
-4.842177,-17.33551,4
-4.842177,-17.33551,4
-4.842177,-17.33551,4
-4.896702,-17.56508,4
-13.67912,-6.270726,4
-16.1173,-3.135175,4
-19.07341,-5.31632,4
-19.07341,-5.31632,4
-19.20336,-5.412203,4
-19.20336,-5.412203,4
-19.20336,-5.412203,4
-19.20336,-5.412203,4
-19.20336,-5.412203,4
-19.20336,-5.412203,4
-19.20336,-5.412203,4
-19.20336,-5.412203,4
-19.34071,-5.513546,4
-19.49696,-5.628833,4
-19.61169,-5.713491,4
-19.61169,-5.713491,4
-19.61169,-5.713491,4
-19.61169,-5.713491,4
-19.61169,-5.713491,4
-19.61169,-5.713491,4
-19.61169,-5.713491,4
-19.61169,-5.713491,4
-19.61169,-5.713491,4
-19.79062,-5.845514,4
-17.86323,-3.189541,4
-17.86323,-3.189541,4
-3.567975,-2.521639,4
10.90731,-1.845325,4
25.40581,-1.167927,4
32.6949,-0.8273663,4
32.6949,-0.8273663,4
32.6949,-0.8273663,4
32.6949,-0.8273663,4
32.6949,-0.8273663,4
32.6949,-0.8273663,4
30.47812,-0.930939,4
30.30634,-0.9389648,4
30.07752,-0.949656,4
30.07752,-0.949656,4
30.07752,-0.949656,4
30.07752,-0.949656,4
30.07752,-0.949656,4
30.07752,-0.949656,4
30.07752,-0.949656,4
30.07752,-0.949656,4
30.07752,-0.949656,4
29.88888,-0.9584697,4
29.62732,-0.9706901,4
29.62732,-0.9706901,4
29.62732,-0.9706901,4
29.37381,-0.9825349,4
29.37381,-0.9825349,4
29.37381,-0.9825349,4
29.37381,-0.9825349,4
29.37381,-0.9825349,4
29.37381,-0.9825349,4
29.37381,-0.9825349,4
29.37381,-0.9825349,4
29.37381,-0.9825349,4
29.19361,-0.9909539,4
28.99762,-1.000111,4
29.21486,-0.9899608,4
29.05711,-0.9973317,4
29.05711,-0.9973317,4
29.05711,-0.9973317,4
29.05711,-0.9973317,4
29.05711,-0.9973317,4
29.05711,-0.9973317,4
29.05711,-0.9973317,4
29.05711,-0.9973317,4
29.05711,-0.9973317,4
28.82756,-1.008057,4
29.052,-0.9975702,4
28.74315,-1.012001,4
28.74315,-1.012001,4
28.74315,-1.012001,4
28.74315,-1.012001,4
28.74315,-1.012001,4
28.74315,-1.012001,4
28.74315,-1.012001,4
28.74315,-1.012001,4
28.74315,-1.012001,4
28.74315,-1.012001,4
28.93157,-1.003197,4
29.10733,-0.994985,4
29.10733,-0.994985,4
29.10733,-0.994985,4
29.10733,-0.994985,4
28.91425,-1.004007,4
28.91425,-1.004007,4
28.91425,-1.004007,4
28.91425,-1.004007,4
28.91425,-1.004007,4
28.91425,-1.004007,4
28.91425,-1.004007,4
28.91425,-1.004007,4
28.91425,-1.004007,4
29.24693,-0.9884619,4
28.97489,-1.001173,4
28.97489,-1.001173,4
28.97489,-1.001173,4
28.97489,-1.001173,4
28.97489,-1.001173,4
28.97489,-1.001173,4
28.97489,-1.001173,4
28.97489,-1.001173,4
28.97489,-1.001173,4
29.16729,-0.9921837,4
28.94818,-1.002421,4
29.22589,-0.9894451,4
29.22589,-0.9894451,4
29.22589,-0.9894451,4
29.22589,-0.9894451,4
29.22589,-0.9894451,4
29.22589,-0.9894451,4
29.22589,-0.9894451,4
29.22589,-0.9894451,4
29.22589,-0.9894451,4
29.00363,-0.9998305,4
14.88416,-3.245979,4
0.5351573,-5.528642,4
-13.71703,-7.795906,4
-14.41524,-7.906977,4
-14.62557,-7.940435,4
-14.62557,-7.940435,4
-14.62557,-7.940435,4
-14.62557,-7.940435,4
-14.62557,-7.940435,4
-14.62557,-7.940435,4
-14.62557,-7.940435,4
-14.62557,-7.940435,4
-14.84423,-7.975221,4
-15.00563,-8.000895,4
-14.80623,-7.969188,4
-14.80623,-7.969188,4
-14.80623,-7.969188,4
-14.80623,-7.969188,4
-14.80623,-7.969188,4
-14.80623,-7.969188,4
-14.80623,-7.969188,4
-14.80623,-7.969188,4
-14.80623,-7.969188,4
-15.01313,-8.002088,4
-14.77256,-7.963834,4
-14.77256,-7.963834,4
-14.77256,-7.963834,4
-14.99253,-7.998813,4
-14.99253,-7.998813,4
-14.99253,-7.998813,4
-14.99253,-7.998813,4
-14.99253,-7.998813,4
-14.99253,-7.998813,4
-14.99253,-7.998813,4
-14.99253,-7.998813,4
-14.99253,-7.998813,4
-15.16722,-8.026592,4
-14.95775,-7.993282,4
-15.17785,-8.028282,4
-15.02538,-8.004037,4
-15.02538,-8.004037,4
-15.02538,-8.004037,4
-15.02538,-8.004037,4
-15.02538,-8.004037,4
-15.02538,-8.004037,4
-15.02538,-8.004037,4
-15.02538,-8.004037,4
-15.02538,-8.004037,4
-14.79261,-7.967017,4
-0.4365659,-7.682497,4
14.11225,-7.394154,4
26.2199,0.53504,4
38.34054,8.573132,4
40.77413,10.18703,4
40.77413,10.18703,4
40.77413,10.18703,4
40.77413,10.18703,4
40.77413,10.18703,4
40.77413,10.18703,4
40.77413,10.18703,4
40.77413,10.18703,4
40.91666,10.28155,4
41.04807,10.3687,4
41.04807,10.3687,4
41.04807,10.3687,4
41.04807,10.3687,4
41.04807,10.3687,4
41.04807,10.3687,4
41.04807,10.3687,4
41.04807,10.3687,4
41.04807,10.3687,4
41.24168,10.4971,4
41.42952,10.62167,4
41.42952,10.62167,4
41.42952,10.62167,4
41.65665,10.7723,4
41.82266,10.88239,4
41.82266,10.88239,4
41.82266,10.88239,4
41.82266,10.88239,4
41.82266,10.88239,4
41.82266,10.88239,4
41.82266,10.88239,4
41.82266,10.88239,4
42.01949,11.01292,4
41.86948,10.91345,4
42.06319,11.04191,4
42.06319,11.04191,4
42.06319,11.04191,4
42.06319,11.04191,4
42.06319,11.04191,4
42.06319,11.04191,4
42.06319,11.04191,4
42.06319,11.04191,4
42.06319,11.04191,4
41.86675,10.91164,4
42.05665,11.03757,4
41.84294,10.89585,4
41.84294,10.89585,4
42.06038,11.04004,4
42.06038,11.04004,4
42.06038,11.04004,4
42.06038,11.04004,4
42.06038,11.04004,4
42.06038,11.04004,4
42.06038,11.04004,4
42.06038,11.04004,4
42.06038,11.04004,4
41.91483,10.94352,4
42.09188,11.06093,4
41.88667,10.92485,4
41.88667,10.92485,4
41.88667,10.92485,4
41.88667,10.92485,4
41.88667,10.92485,4
41.88667,10.92485,4
41.88667,10.92485,4
41.88667,10.92485,4
41.88667,10.92485,4
42.12432,11.08245,4
29.69685,3.804915,4
32.6719,16.6397,4
32.74771,16.95398,4
32.74771,16.95398,4
32.74771,16.95398,4
32.74771,16.95398,4
32.74771,16.95398,4
32.74771,16.95398,4
32.74771,16.95398,4
32.74771,16.95398,4
32.74771,16.95398,4
32.74771,16.95398,4
32.78932,17.12652,4
32.82221,17.26289,4
32.86952,17.45903,4
32.86952,17.45903,4
32.86952,17.45903,4
32.86952,17.45903,4
32.86952,17.45903,4
32.86952,17.45903,4
32.86952,17.45903,4
32.86952,17.45903,4
32.86952,17.45903,4
32.9173,17.65711,4
32.99155,17.96497,4
32.99155,17.96497,4
32.99155,17.96497,4
33.05464,18.22651,4
33.05464,18.22651,4
33.05464,18.22651,4
33.05464,18.22651,4
33.05464,18.22651,4
33.05464,18.22651,4
33.05464,18.22651,4
33.05464,18.22651,4
33.05464,18.22651,4
33.01211,18.05019,4
32.97174,17.88288,4
33.01967,18.08153,4
33.01967,18.08153,4
33.01967,18.08153,4
33.01967,18.08153,4
33.01967,18.08153,4
33.01967,18.08153,4
33.01967,18.08153,4
33.01967,18.08153,4
33.01967,18.08153,4
32.96609,17.85943,4
33.01656,18.06866,4
33.01656,18.06866,4
33.01656,18.06866,4
33.01656,18.06866,4
33.01656,18.06866,4
32.9759,17.90012,4
32.9759,17.90012,4
32.9759,17.90012,4
32.9759,17.90012,4
32.9759,17.90012,4
32.9759,17.90012,4
32.9759,17.90012,4
32.9759,17.90012,4
33.01969,18.08159,4
32.97704,17.90486,4
33.00952,18.03945,4
33.00952,18.03945,4
33.00952,18.03945,4
33.00952,18.03945,4
33.00952,18.03945,4
33.00952,18.03945,4
33.00952,18.03945,4
33.00952,18.03945,4
33.00952,18.03945,4
32.95949,17.83214,4
22.61653,7.854019,4
29.83201,-4.61893,4
35.28091,-13.78975,4
35.28091,-13.78975,4
35.37537,-13.94873,4
35.37537,-13.94873,4
35.37537,-13.94873,4
35.37537,-13.94873,4
35.37537,-13.94873,4
35.37537,-13.94873,4
35.37537,-13.94873,4
35.37537,-13.94873,4
35.46401,-14.09791,4
35.56032,-14.26,4
35.64954,-14.41016,4
35.64954,-14.41016,4
35.64954,-14.41016,4
35.64954,-14.41016,4
35.64954,-14.41016,4
35.64954,-14.41016,4
35.64954,-14.41016,4
35.64954,-14.41016,4
35.64954,-14.41016,4
35.77213,-14.61648,4
35.88229,-14.80188,4
36.06958,-15.1171,4
36.06958,-15.1171,4
36.06958,-15.1171,4
36.06958,-15.1171,4
36.06958,-15.1171,4
36.06958,-15.1171,4
36.06958,-15.1171,4
36.06958,-15.1171,4
36.06958,-15.1171,4
36.06958,-15.1171,4
35.97945,-14.96542,4
36.07018,-15.11811,4
35.96393,-14.9393,4
35.96393,-14.9393,4
35.96393,-14.9393,4
35.96393,-14.9393,4
35.96393,-14.9393,4
35.96393,-14.9393,4
35.96393,-14.9393,4
35.96393,-14.9393,4
35.96393,-14.9393,4
36.08894,-15.14969,4
22.11602,-11.68871,4
8.049703,-8.2046,4
20.29118,-1.088039,4
32.86256,6.0734,4
36.7317,8.277498,4
36.7317,8.277498,4
36.7317,8.277498,4
36.7317,8.277498,4
36.7317,8.277498,4
36.7317,8.277498,4
36.7317,8.277498,4
36.7317,8.277498,4
36.93887,8.395512,4
37.12612,8.502184,4
37.309,8.606363,4
37.309,8.606363,4
37.309,8.606363,4
37.309,8.606363,4
37.309,8.606363,4
37.309,8.606363,4
37.309,8.606363,4
37.309,8.606363,4
37.309,8.606363,4
37.49334,8.711372,4
37.68548,8.820829,4
37.68548,8.820829,4
37.68548,8.820829,4
37.91838,8.953502,4
37.91838,8.953502,4
37.91838,8.953502,4
37.91838,8.953502,4
37.91838,8.953502,4
37.91838,8.953502,4
37.91838,8.953502,4
37.91838,8.953502,4
37.91838,8.953502,4
38.07851,9.044727,4
37.94485,8.968584,4
38.1163,9.066254,4
38.1163,9.066254,4
38.1163,9.066254,4
38.1163,9.066254,4
38.1163,9.066254,4
38.1163,9.066254,4
38.1163,9.066254,4
38.1163,9.066254,4
38.1163,9.066254,4
37.90371,8.945145,4
34.48609,-5.014527,4
34.33585,-5.628178,4
30.81221,-1.054286,4
30.64313,-0.8348191,4
30.64313,-0.8348191,4
30.64313,-0.8348191,4
30.64313,-0.8348191,4
30.64313,-0.8348191,4
30.64313,-0.8348191,4
30.64313,-0.8348191,4
30.64313,-0.8348191,4
30.64313,-0.8348191,4
30.53384,-0.6929531,4
30.38498,-0.4997252,4
30.25997,-0.3374563,4
30.25997,-0.3374563,4
30.25997,-0.3374563,4
30.25997,-0.3374563,4
30.25997,-0.3374563,4
30.25997,-0.3374563,4
30.25997,-0.3374563,4
30.25997,-0.3374563,4
30.25997,-0.3374563,4
30.10751,-0.1395531,4
29.98396,0.02082056,4
29.98396,0.02082056,4
29.98396,0.02082056,4
30.10791,-0.1400654,4
30.10791,-0.1400654,4
30.10791,-0.1400654,4
30.10791,-0.1400654,4
30.10791,-0.1400654,4
30.10791,-0.1400654,4
30.10791,-0.1400654,4
30.10791,-0.1400654,4
30.10791,-0.1400654,4
30.00312,-0.004051417,4
29.89649,0.134387,4
30.01286,-0.01669103,4
30.01286,-0.01669103,4
30.01286,-0.01669103,4
30.01286,-0.01669103,4
30.01286,-0.01669103,4
30.01286,-0.01669103,4
30.01286,-0.01669103,4
30.01286,-0.01669103,4
30.01286,-0.01669103,4
29.88181,0.1534467,4
15.50656,-0.5068593,4
1.066503,-1.170142,4
12.69472,7.038576,4
24.64857,15.36259,4
25.81961,16.17804,4
25.81961,16.17804,4
25.81961,16.17804,4
25.81961,16.17804,4
25.81961,16.17804,4
25.81961,16.17804,4
25.81961,16.17804,4
25.81961,16.17804,4
25.97736,16.28789,4
26.1322,16.39571,4
26.29872,16.51167,4
26.29872,16.51167,4
26.29872,16.51167,4
26.29872,16.51167,4
26.29872,16.51167,4
26.29872,16.51167,4
26.29872,16.51167,4
26.29872,16.51167,4
26.29872,16.51167,4
26.46684,16.62874,4
26.65007,16.75632,4
26.65007,16.75632,4
26.65007,16.75632,4
26.85668,16.9002,4
26.85668,16.9002,4
26.85668,16.9002,4
26.85668,16.9002,4
26.85668,16.9002,4
26.85668,16.9002,4
26.85668,16.9002,4
26.85668,16.9002,4
26.85668,16.9002,4
27.00625,17.00435,4
26.86423,16.90546,4
27.03841,17.02675,4
27.03841,17.02675,4
27.03841,17.02675,4
27.03841,17.02675,4
27.03841,17.02675,4
27.03841,17.02675,4
27.03841,17.02675,4
27.03841,17.02675,4
27.03841,17.02675,4
26.85315,16.89774,4
13.03946,13.01217,4
-0.8846176,9.095562,4
-14.8404,5.170034,4
-17.63319,4.384467,4
-17.63319,4.384467,4
-17.80837,4.33519,4
-17.80837,4.33519,4
-17.80837,4.33519,4
-17.80837,4.33519,4
-17.80837,4.33519,4
-17.80837,4.33519,4
-17.80837,4.33519,4
-17.80837,4.33519,4
-17.96987,4.289762,4
-18.17246,4.232776,4
-18.34737,4.183576,4
-18.34737,4.183576,4
-18.34737,4.183576,4
-18.34737,4.183576,4
-18.34737,4.183576,4
-18.34737,4.183576,4
-18.34737,4.183576,4
-18.34737,4.183576,4
-18.34737,4.183576,4
-18.58963,4.115432,4
-18.8295,4.047959,4
-19.11221,3.968436,4
-18.85135,4.041812,4
-18.85135,4.041812,4
-18.85135,4.041812,4
-18.85135,4.041812,4
-18.85135,4.041812,4
-18.85135,4.041812,4
-18.85135,4.041812,4
-18.85135,4.041812,4
-18.85135,4.041812,4
-19.03797,3.989319,4
-18.87055,4.036412,4
-19.02525,3.992899,4
-19.02525,3.992899,4
-19.02525,3.992899,4
-19.02525,3.992899,4
-19.02525,3.992899,4
-19.02525,3.992899,4
-19.02525,3.992899,4
-19.02525,3.992899,4
-19.02525,3.992899,4
-18.81744,4.05135,4
-17.39644,-0.6800123,4
-17.39644,-0.6800123,4
-17.88174,4.691184,4
-17.88174,4.691184,4
-17.88174,4.691184,4
-17.88174,4.691184,4
-17.88174,4.691184,4
-17.88174,4.691184,4
-17.88174,4.691184,4
-17.88174,4.691184,4
-17.88174,4.691184,4
-17.88174,4.691184,4
-17.89757,4.866287,4
-17.91349,5.042502,4
-17.92761,5.198861,4
-17.94316,5.370938,4
-17.94316,5.370938,4
-17.94316,5.370938,4
-17.94316,5.370938,4
-17.94316,5.370938,4
-17.94316,5.370938,4
-17.94316,5.370938,4
-17.94316,5.370938,4
-17.94316,5.370938,4
-17.96413,5.603043,4
-17.18384,-0.550297,4
-17.18384,-0.550297,4
-2.894071,-0.4024398,4
11.54045,-0.2530847,4
26.02894,-0.1031712,4
34.54087,-0.01509757,4
34.54087,-0.01509757,4
34.54087,-0.01509757,4
34.54087,-0.01509757,4
34.54087,-0.01509757,4
34.54087,-0.01509757,4
34.54087,-0.01509757,4
34.71987,-0.01324547,4
34.91585,-0.01121773,4
34.91585,-0.01121773,4
34.91585,-0.01121773,4
34.91585,-0.01121773,4
34.91585,-0.01121773,4
34.91585,-0.01121773,4
34.91585,-0.01121773,4
34.91585,-0.01121773,4
34.91585,-0.01121773,4
35.14442,-0.008852712,4
35.36406,-0.006580023,4
35.36406,-0.006580023,4
35.36406,-0.006580023,4
35.63439,-0.003782955,4
35.63439,-0.003782955,4
35.63439,-0.003782955,4
35.63439,-0.003782955,4
35.63439,-0.003782955,4
35.63439,-0.003782955,4
35.63439,-0.003782955,4
35.63439,-0.003782955,4
35.63439,-0.003782955,4
35.83704,-0.001686099,4
36.01297,0.0001342231,4
35.80859,-0.00198032,4
35.80859,-0.00198032,4
35.80859,-0.00198032,4
35.80859,-0.00198032,4
35.80859,-0.00198032,4
35.80859,-0.00198032,4
35.80859,-0.00198032,4
35.80859,-0.00198032,4
35.80859,-0.00198032,4
36.03057,0.0003163363,4
22.56301,-4.997677,4
32.62527,-6.769743,4
32.62527,-6.769743,4
18.64355,-8.713329,4
4.293832,-10.70807,4
-3.592185,-11.8043,4
-3.592185,-11.8043,4
-3.592185,-11.8043,4
-3.592185,-11.8043,4
-3.592185,-11.8043,4
-3.592185,-11.8043,4
-3.592185,-11.8043,4
-3.772232,-11.82933,4
-3.926109,-11.85072,4
-4.160663,-11.88332,4
-4.334135,-11.90744,4
-4.334135,-11.90744,4
-4.334135,-11.90744,4
-4.334135,-11.90744,4
-4.334135,-11.90744,4
-4.334135,-11.90744,4
-4.334135,-11.90744,4
-4.334135,-11.90744,4
-4.334135,-11.90744,4
-4.588802,-11.94284,4
-4.85872,-11.98036,4
-4.85872,-11.98036,4
-5.134045,-12.01863,4
-5.134045,-12.01863,4
-5.134045,-12.01863,4
-5.134045,-12.01863,4
-5.134045,-12.01863,4
-5.134045,-12.01863,4
-5.134045,-12.01863,4
-5.134045,-12.01863,4
-5.134045,-12.01863,4
-4.957723,-11.99412,4
-5.190087,-12.02642,4
-5.042651,-12.00593,4
-5.042651,-12.00593,4
-5.042651,-12.00593,4
-4.865605,-11.98132,4
-4.865605,-11.98132,4
-4.865605,-11.98132,4
-4.865605,-11.98132,4
-4.865605,-11.98132,4
-4.865605,-11.98132,4
-4.865605,-11.98132,4
-4.865605,-11.98132,4
-4.865605,-11.98132,4
-5.187766,-12.0261,4
-4.894271,-11.9853,4
-4.894271,-11.9853,4
-4.894271,-11.9853,4
-4.894271,-11.9853,4
-4.894271,-11.9853,4
-4.894271,-11.9853,4
-4.894271,-11.9853,4
-4.894271,-11.9853,4
-4.894271,-11.9853,4
-5.0643,-12.00894,4
-4.885757,-11.98412,4
-5.074091,-12.0103,4
-4.909842,-11.98747,4
-4.909842,-11.98747,4
-4.909842,-11.98747,4
-4.909842,-11.98747,4
-4.909842,-11.98747,4
-4.909842,-11.98747,4
-4.909842,-11.98747,4
-4.909842,-11.98747,4
-4.909842,-11.98747,4
-5.138046,-12.01919,4
-4.879725,-11.98328,4
-4.879725,-11.98328,4
-5.112105,-12.01558,4
-5.112105,-12.01558,4
-5.112105,-12.01558,4
-5.112105,-12.01558,4
-5.112105,-12.01558,4
-5.112105,-12.01558,4
-5.112105,-12.01558,4
-5.112105,-12.01558,4
-5.112105,-12.01558,4
-4.923906,-11.98942,4
-5.086299,-12.012,4
-5.086299,-12.012,4
-5.086299,-12.012,4
-5.086299,-12.012,4
-8.269433,1.989345,4
-10.68537,12.61609,4
-10.72172,12.77595,4
-10.72172,12.77595,4
-10.72172,12.77595,4
-10.72172,12.77595,4
-10.77319,13.00236,4
-10.82588,13.23411,4
-10.86774,13.41823,4
-10.86774,13.41823,4
-10.86774,13.41823,4
-10.86774,13.41823,4
-10.90999,13.60409,4
-10.90999,13.60409,4
-10.90999,13.60409,4
-10.90999,13.60409,4
-10.90999,13.60409,4
-10.90999,13.60409,4
-10.90999,13.60409,4
-10.90999,13.60409,4
-10.95103,13.78462,4
-10.9954,13.97975,4
-10.9954,13.97975,4
-10.9954,13.97975,4
-10.9954,13.97975,4
-10.9954,13.97975,4
-10.9954,13.97975,4
-10.9954,13.97975,4
-10.9954,13.97975,4
-10.9954,13.97975,4
-11.04181,14.18391,4
-10.99357,13.97171,4
-11.05653,14.24866,4
-11.05653,14.24866,4
-10.99627,13.98359,4
-10.99627,13.98359,4
-10.99627,13.98359,4
-10.99627,13.98359,4
-10.99627,13.98359,4
-10.99627,13.98359,4
-10.99627,13.98359,4
-10.99627,13.98359,4
-10.99627,13.98359,4
-11.03708,14.16313,4
-10.99749,13.98895,4
-11.04835,14.21269,4
-11.04835,14.21269,4
-11.04835,14.21269,4
-11.04835,14.21269,4
-11.04835,14.21269,4
-11.04835,14.21269,4
-11.04835,14.21269,4
-11.04835,14.21269,4
-11.04835,14.21269,4
-10.99448,13.97571,4
-11.04993,14.21962,4
-15.98271,0.7730837,4
-16.49224,-0.6158676,4
-2.7045,3.536529,4
11.20153,7.724553,4
25.0958,11.90903,4
38.93367,16.07652,4
40.67976,16.60238,4
40.67976,16.60238,4
40.67976,16.60238,4
40.67976,16.60238,4
40.67976,16.60238,4
40.67976,16.60238,4
40.9367,16.67977,4
41.09635,16.72785,4
41.09635,16.72785,4
41.09635,16.72785,4
41.09635,16.72785,4
41.09635,16.72785,4
41.09635,16.72785,4
41.09635,16.72785,4
41.09635,16.72785,4
41.09635,16.72785,4
41.31036,16.7923,4
41.52641,16.85737,4
27.85391,12.45205,4
13.97622,7.980621,4
26.96136,13.55744,4
33.64848,16.42121,4
33.64848,16.42121,4
33.64848,16.42121,4
33.64848,16.42121,4
33.64848,16.42121,4
33.64848,16.42121,4
33.64848,16.42121,4
33.64848,16.42121,4
33.85855,16.51117,4
33.98344,16.56466,4
34.17202,16.64541,4
34.17202,16.64541,4
34.17202,16.64541,4
34.17202,16.64541,4
34.17202,16.64541,4
34.17202,16.64541,4
34.17202,16.64541,4
34.17202,16.64541,4
34.17202,16.64541,4
34.36534,16.7282,4
34.59747,16.82762,4
34.59747,16.82762,4
34.59747,16.82762,4
34.8357,16.92964,4
34.8357,16.92964,4
34.8357,16.92964,4
34.8357,16.92964,4
34.8357,16.92964,4
34.8357,16.92964,4
34.8357,16.92964,4
34.8357,16.92964,4
34.8357,16.92964,4
35.00026,17.00011,4
34.82125,16.92377,4
34.95828,16.98221,4
34.95828,16.98221,4
34.95828,16.98221,4
34.95828,16.98221,4
34.95828,16.98221,4
34.95828,16.98221,4
34.95828,16.98221,4
34.95828,16.98221,4
34.95828,16.98221,4
35.17248,17.07356,4
34.94021,16.9745,4
38.3543,10.26834,4
38.48584,10.00995,4
38.48584,10.00995,4
38.48584,10.00995,4
38.48584,10.00995,4
38.48584,10.00995,4
38.48584,10.00995,4
38.48584,10.00995,4
38.48584,10.00995,4
38.48584,10.00995,4
38.48584,10.00995,4
38.56718,9.850175,4
38.6298,9.727186,4
38.6298,9.727186,4
38.6298,9.727186,4
38.6298,9.727186,4
38.70609,9.577322,4
38.70609,9.577322,4
38.70609,9.577322,4
38.70609,9.577322,4
38.70609,9.577322,4
38.70609,9.577322,4
38.70609,9.577322,4
38.70609,9.577322,4
38.70609,9.577322,4
38.84855,9.297493,4
38.96667,9.065471,4
38.96667,9.065471,4
38.96667,9.065471,4
38.96667,9.065471,4
38.96667,9.065471,4
38.96667,9.065471,4
38.96667,9.065471,4
38.96667,9.065471,4
38.96667,9.065471,4
39.04852,8.90468,4
38.96928,9.060337,4
39.05985,8.882432,4
38.9797,9.039874,4
38.9797,9.039874,4
38.9797,9.039874,4
38.9797,9.039874,4
38.9797,9.039874,4
38.9797,9.039874,4
38.9797,9.039874,4
38.9797,9.039874,4
38.9797,9.039874,4
39.0851,8.832819,4
38.96912,9.060668,4
38.96912,9.060668,4
39.0998,8.803951,4
39.0998,8.803951,4
39.0998,8.803951,4
39.0998,8.803951,4
39.0998,8.803951,4
39.0998,8.803951,4
39.0998,8.803951,4
39.0998,8.803951,4
39.0998,8.803951,4
39.01535,8.969835,4
38.9332,9.131243,4
39.02208,8.95663,4
39.02208,8.95663,4
39.02208,8.95663,4
39.02208,8.95663,4
39.02208,8.95663,4
39.02208,8.95663,4
39.02208,8.95663,4
39.02208,8.95663,4
39.02208,8.95663,4
38.91469,9.167603,4
26.68276,1.531129,4
14.38521,-6.146311,4
2.027237,-13.86148,4
-1.805162,-16.25407,4
-1.805162,-16.25407,4
-2.013839,-16.38434,4
-2.013839,-16.38434,4
-2.013839,-16.38434,4
-2.013839,-16.38434,4
-2.013839,-16.38434,4
-2.013839,-16.38434,4
-2.013839,-16.38434,4
-2.013839,-16.38434,4
-2.166435,-16.47961,4
-2.339123,-16.58742,4
-2.499394,-16.68747,4
-2.499394,-16.68747,4
-2.499394,-16.68747,4
-2.499394,-16.68747,4
-2.499394,-16.68747,4
-2.499394,-16.68747,4
-2.499394,-16.68747,4
-2.499394,-16.68747,4
-2.499394,-16.68747,4
-2.705379,-16.81607,4
-2.927711,-16.95487,4
-2.927711,-16.95487,4
-3.163018,-17.10177,4
-3.163018,-17.10177,4
-3.163018,-17.10177,4
-3.163018,-17.10177,4
-3.163018,-17.10177,4
-3.163018,-17.10177,4
-3.163018,-17.10177,4
-3.163018,-17.10177,4
-3.163018,-17.10177,4
-2.936326,-16.96025,4
-3.094367,-17.05891,4
-3.094367,-17.05891,4
-3.094367,-17.05891,4
-3.094367,-17.05891,4
-2.93126,-16.95709,4
-2.93126,-16.95709,4
-2.93126,-16.95709,4
-2.93126,-16.95709,4
-2.93126,-16.95709,4
-2.93126,-16.95709,4
-2.93126,-16.95709,4
-2.93126,-16.95709,4
-2.93126,-16.95709,4
-3.222591,-17.13896,4
-2.987903,-16.99245,4
-2.987903,-16.99245,4
-2.987903,-16.99245,4
-2.987903,-16.99245,4
-2.987903,-16.99245,4
-2.987903,-16.99245,4
-2.987903,-16.99245,4
-2.987903,-16.99245,4
-2.987903,-16.99245,4
-3.13354,-17.08336,4
-2.986768,-16.99174,4
-3.160936,-17.10045,4
-3.160936,-17.10045,4
-3.160936,-17.10045,4
-3.008321,-17.00519,4
-3.008321,-17.00519,4
-3.008321,-17.00519,4
-3.008321,-17.00519,4
-3.008321,-17.00519,4
-3.008321,-17.00519,4
-3.008321,-17.00519,4
-3.008321,-17.00519,4
-3.008321,-17.00519,4
-2.748851,-16.84325,4
-2.965498,-16.97847,4
-2.965498,-16.97847,4
-2.965498,-16.97847,4
-2.965498,-16.97847,4
-2.965498,-16.97847,4
-2.965498,-16.97847,4
-2.965498,-16.97847,4
-2.965498,-16.97847,4
-2.965498,-16.97847,4
-3.116251,-17.07256,4
-2.975515,-16.98472,4
-3.364988,-17.2278,4
-3.364988,-17.2278,4
-3.364988,-17.2278,4
-3.364988,-17.2278,4
-3.364988,-17.2278,4
-3.364988,-17.2278,4
-3.364988,-17.2278,4
-3.364988,-17.2278,4
-3.364988,-17.2278,4
-3.173999,-17.1086,4
-1.454634,-2.786928,4
-1.174272,-0.4516237,4
-1.174272,-0.4516237,4
11.81921,-6.395658,4
25.02849,-12.43841,4
33.70121,-16.40586,4
33.70121,-16.40586,4
33.70121,-16.40586,4
33.70121,-16.40586,4
33.70121,-16.40586,4
33.70121,-16.40586,4
33.70121,-16.40586,4
33.86928,-16.48274,4
34.06126,-16.57056,4
34.23732,-16.6511,4
34.23732,-16.6511,4
34.23732,-16.6511,4
34.23732,-16.6511,4
34.23732,-16.6511,4
34.23732,-16.6511,4
34.23732,-16.6511,4
34.23732,-16.6511,4
34.23732,-16.6511,4
34.43835,-16.74307,4
34.66626,-16.84733,4
34.66626,-16.84733,4
34.66626,-16.84733,4
34.89922,-16.9539,4
34.89922,-16.9539,4
34.89922,-16.9539,4
34.89922,-16.9539,4
34.89922,-16.9539,4
34.89922,-16.9539,4
34.89922,-16.9539,4
34.89922,-16.9539,4
34.89922,-16.9539,4
35.05534,-17.02532,4
34.84256,-16.92798,4
35.03661,-17.01675,4
35.03661,-17.01675,4
35.03661,-17.01675,4
34.87783,-16.94411,4
34.87783,-16.94411,4
34.87783,-16.94411,4
34.87783,-16.94411,4
34.87783,-16.94411,4
34.87783,-16.94411,4
34.87783,-16.94411,4
34.87783,-16.94411,4
34.87783,-16.94411,4
35.18053,-17.08259,4
34.95893,-16.98121,4
34.95893,-16.98121,4
34.95893,-16.98121,4
34.95893,-16.98121,4
34.95893,-16.98121,4
34.95893,-16.98121,4
34.95893,-16.98121,4
34.95893,-16.98121,4
34.95893,-16.98121,4
35.13766,-17.06298,4
34.96524,-16.9841,4
35.14597,-17.06678,4
35.14597,-17.06678,4
35.14597,-17.06678,4
35.14597,-17.06678,4
35.14597,-17.06678,4
35.14597,-17.06678,4
35.14597,-17.06678,4
35.14597,-17.06678,4
35.14597,-17.06678,4
34.96689,-16.98485,4
35.17725,-17.08109,4
20.83582,-16.67498,4
6.380876,-16.26565,4
-1.667403,-16.03774,4
-1.667403,-16.03774,4
-1.667403,-16.03774,4
-1.667403,-16.03774,4
-1.667403,-16.03774,4
-1.667403,-16.03774,4
-1.667403,-16.03774,4
-1.667403,-16.03774,4
-1.667403,-16.03774,4
-1.853195,-16.03248,4
-2.010863,-16.02802,4
-2.010863,-16.02802,4
-2.010863,-16.02802,4
-2.010863,-16.02802,4
-2.199189,-16.02268,4
-2.199189,-16.02268,4
-2.199189,-16.02268,4
-2.199189,-16.02268,4
-2.199189,-16.02268,4
-2.199189,-16.02268,4
-2.199189,-16.02268,4
-2.199189,-16.02268,4
-2.199189,-16.02268,4
-2.486194,-16.01455,4
-2.786361,-16.00605,4
-2.786361,-16.00605,4
-2.786361,-16.00605,4
-2.786361,-16.00605,4
-2.786361,-16.00605,4
-2.786361,-16.00605,4
-2.786361,-16.00605,4
-2.786361,-16.00605,4
-2.786361,-16.00605,4
-2.967194,-16.00093,4
-3.13745,-15.99611,4
-3.000386,-15.99999,4
-3.000386,-15.99999,4
-3.000386,-15.99999,4
-3.000386,-15.99999,4
-3.000386,-15.99999,4
-3.000386,-15.99999,4
-3.000386,-15.99999,4
-3.000386,-15.99999,4
-3.000386,-15.99999,4
-2.785622,-16.00582,4
-3.044798,-15.99878,4
-3.044798,-15.99878,4
-3.044798,-15.99878,4
-2.851361,-16.00404,4
-2.851361,-16.00404,4
-2.851361,-16.00404,4
-2.851361,-16.00404,4
-2.851361,-16.00404,4
-2.851361,-16.00404,4
-2.851361,-16.00404,4
-2.851361,-16.00404,4
-2.851361,-16.00404,4
-3.023571,-15.99936,4
-2.866463,-16.00363,4
-3.070482,-15.99809,4
-3.070482,-15.99809,4
-3.070482,-15.99809,4
-3.070482,-15.99809,4
-3.070482,-15.99809,4
-3.070482,-15.99809,4
-3.070482,-15.99809,4
-3.070482,-15.99809,4
-3.070482,-15.99809,4
-2.846878,-16.00416,4
-1.294199,-1.708683,4
-1.149974,-0.3808007,4
-1.149974,-0.3808007,4
-10.00212,-11.72158,4
-10.10365,-11.85166,4
-10.10365,-11.85166,4
-10.10365,-11.85166,4
-10.10365,-11.85166,4
-10.10365,-11.85166,4
-10.10365,-11.85166,4
-10.10365,-11.85166,4
-10.10365,-11.85166,4
-10.22125,-12.00232,4
-10.32963,-12.14117,4
-10.48369,-12.33854,4
-10.48369,-12.33854,4
-10.48369,-12.33854,4
-10.48369,-12.33854,4
-10.48369,-12.33854,4
-10.48369,-12.33854,4
-10.48369,-12.33854,4
-10.48369,-12.33854,4
-10.48369,-12.33854,4
-10.61949,-12.51252,4
-10.7605,-12.69317,4
-16.31034,-3.181932,4
-16.31034,-3.181932,4
-3.71496,3.124556,4
9.187428,9.58476,4
20.75776,15.37801,4
20.75776,15.37801,4
20.75776,15.37801,4
20.75776,15.37801,4
20.75776,15.37801,4
20.75776,15.37801,4
20.75776,15.37801,4
20.9729,15.48573,4
21.12693,15.56285,4
21.29656,15.64779,4
21.29656,15.64779,4
21.29656,15.64779,4
21.29656,15.64779,4
21.29656,15.64779,4
21.29656,15.64779,4
21.29656,15.64779,4
21.29656,15.64779,4
21.29656,15.64779,4
21.46966,15.73446,4
9.164518,10.0618,4
-3.935938,4.022513,4
9.636947,8.15529,4
23.48572,12.39401,4
30.57577,14.56408,4
30.73414,14.61255,4
30.73414,14.61255,4
30.73414,14.61255,4
30.73414,14.61255,4
30.73414,14.61255,4
30.73414,14.61255,4
30.73414,14.61255,4
30.73414,14.61255,4
30.89596,14.66208,4
31.07872,14.71802,4
31.25304,14.77137,4
31.25304,14.77137,4
31.25304,14.77137,4
31.25304,14.77137,4
31.25304,14.77137,4
31.25304,14.77137,4
31.25304,14.77137,4
31.25304,14.77137,4
31.25304,14.77137,4
31.48913,14.84363,4
33.13483,0.5266988,4
33.83918,-5.600901,4
39.19612,-13.77357,4
39.19612,-13.77357,4
39.27892,-13.8999,4
39.27892,-13.8999,4
39.27892,-13.8999,4
39.27892,-13.8999,4
39.27892,-13.8999,4
39.27892,-13.8999,4
39.27892,-13.8999,4
39.27892,-13.8999,4
39.37149,-14.04113,4
39.48752,-14.21815,4
39.57398,-14.35006,4
39.57398,-14.35006,4
39.57398,-14.35006,4
39.57398,-14.35006,4
39.57398,-14.35006,4
39.57398,-14.35006,4
39.57398,-14.35006,4
39.57398,-14.35006,4
39.57398,-14.35006,4
39.69871,-14.54035,4
39.83827,-14.75326,4
39.83827,-14.75326,4
39.98966,-14.98422,4
39.98966,-14.98422,4
39.98966,-14.98422,4
39.98966,-14.98422,4
39.98966,-14.98422,4
39.98966,-14.98422,4
39.98966,-14.98422,4
39.98966,-14.98422,4
39.98966,-14.98422,4
40.09004,-15.13738,4
39.99507,-14.99248,4
40.1352,-15.20631,4
40.1352,-15.20631,4
40.1352,-15.20631,4
40.1352,-15.20631,4
40.1352,-15.20631,4
40.1352,-15.20631,4
40.1352,-15.20631,4
40.1352,-15.20631,4
40.1352,-15.20631,4
40.01377,-15.02102,4
25.97647,-14.29385,4
11.54391,-13.5462,4
2.408786,-13.07298,4
16.57502,-15.61578,4
30.88482,-18.18435,4
39.61535,-19.75146,4
39.61535,-19.75146,4
39.61535,-19.75146,4
39.61535,-19.75146,4
39.61535,-19.75146,4
39.61535,-19.75146,4
39.61535,-19.75146,4
39.61535,-19.75146,4
39.77673,-19.78042,4
39.97762,-19.81648,4
39.97762,-19.81648,4
39.97762,-19.81648,4
39.97762,-19.81648,4
39.97762,-19.81648,4
39.97762,-19.81648,4
39.97762,-19.81648,4
39.97762,-19.81648,4
39.97762,-19.81648,4
40.21693,-19.85944,4
40.45458,-19.9021,4
40.45458,-19.9021,4
40.45458,-19.9021,4
40.7072,-19.94744,4
40.7072,-19.94744,4
40.7072,-19.94744,4
40.7072,-19.94744,4
40.7072,-19.94744,4
40.7072,-19.94744,4
40.7072,-19.94744,4
40.7072,-19.94744,4
40.7072,-19.94744,4
40.92413,-19.98638,4
41.14319,-20.0257,4
40.8856,-19.97947,4
